 6.33249000e-01 7.49311000e-01 -1.34970000e-01 -1.38967000e-01 2.65623000e-01 1.19941000e-02 9.99202000e-02
 6.15202000e-01 7.61575000e-01 -1.50043000e-01 -1.37900000e-01 2.65771000e-01 1.18647000e-02 9.97873000e-02
 6.37741000e-01 7.43319000e-01 -1.56775000e-01 -1.27218000e-01 2.62023000e-01 3.32022000e-03 1.11692000e-01
 6.49348000e-01 7.33437000e-01 -1.59838000e-01 -1.21937000e-01 2.62320000e-01 5.90649000e-03 1.08758000e-01
 6.49241000e-01 7.33859000e-01 -1.59608000e-01 -1.20263000e-01 2.61891000e-01 2.35358000e-03 1.07313000e-01
 6.50805000e-01 7.32084000e-01 -1.63617000e-01 -1.17200000e-01 2.62239000e-01 5.40005000e-03 1.09839000e-01
 6.50801000e-01 7.32028000e-01 -1.62002000e-01 -1.19783000e-01 2.62110000e-01 5.73409000e-03 1.09021000e-01
 6.51416000e-01 7.31322000e-01 -1.65824000e-01 -1.15443000e-01 2.62014000e-01 4.33089000e-03 1.10326000e-01
 6.53710000e-01 7.29032000e-01 -1.68198000e-01 -1.13513000e-01 2.61689000e-01 6.43831000e-03 1.10737000e-01
 6.52962000e-01 7.29621000e-01 -1.68489000e-01 -1.13602000e-01 2.61625000e-01 6.08253000e-03 1.11797000e-01
 6.54630000e-01 7.28187000e-01 -1.71093000e-01 -1.09229000e-01 2.63094000e-01 9.39935000e-03 1.13506000e-01
 6.53855000e-01 7.29393000e-01 -1.68503000e-01 -1.09848000e-01 2.62830000e-01 8.87056000e-03 1.12317000e-01
 6.56327000e-01 7.26743000e-01 -1.71928000e-01 -1.07328000e-01 2.63237000e-01 8.62966000e-03 1.14209000e-01
 6.58326000e-01 7.24589000e-01 -1.75145000e-01 -1.04406000e-01 2.63381000e-01 8.26791000e-03 1.17631000e-01
 6.58077000e-01 7.24396000e-01 -1.77683000e-01 -1.03023000e-01 2.61274000e-01 8.33821000e-03 1.18161000e-01
 6.58265000e-01 7.25020000e-01 -1.75170000e-01 -1.01724000e-01 2.62506000e-01 9.73083000e-03 1.19436000e-01
 6.56286000e-01 7.26513000e-01 -1.74967000e-01 -1.04182000e-01 2.63358000e-01 1.05796000e-02 1.14765000e-01
 6.57114000e-01 7.25732000e-01 -1.74960000e-01 -1.04418000e-01 2.62402000e-01 1.07281000e-02 1.19215000e-01
 6.58027000e-01 7.25207000e-01 -1.76748000e-01 -9.91715000e-02 2.62058000e-01 9.56590000e-03 1.19585000e-01
 6.59443000e-01 7.23623000e-01 -1.78617000e-01 -9.79790000e-02 2.61736000e-01 8.99784000e-03 1.19953000e-01
 6.57982000e-01 7.25277000e-01 -1.75100000e-01 -1.01845000e-01 2.61848000e-01 8.76261000e-03 1.19424000e-01
 6.59104000e-01 7.23118000e-01 -1.79408000e-01 -1.02446000e-01 2.61602000e-01 5.74239000e-03 1.17503000e-01
 6.57699000e-01 7.25506000e-01 -1.77220000e-01 -9.83153000e-02 2.62361000e-01 7.30196000e-03 1.20021000e-01
 6.58370000e-01 7.24816000e-01 -1.78745000e-01 -9.61296000e-02 2.61813000e-01 7.22247000e-03 1.22114000e-01
 6.59927000e-01 7.23089000e-01 -1.80144000e-01 -9.58412000e-02 2.63453000e-01 1.01223000e-02 1.18474000e-01
 6.58058000e-01 7.24993000e-01 -1.80478000e-01 -9.36566000e-02 2.62340000e-01 7.70906000e-03 1.22944000e-01
 6.59440000e-01 7.22029000e-01 -1.82023000e-01 -1.03349000e-01 2.60678000e-01 4.88105000e-03 1.18429000e-01
 6.58467000e-01 7.24958000e-01 -1.78103000e-01 -9.55812000e-02 2.62620000e-01 7.56837000e-03 1.22873000e-01
 6.56822000e-01 7.26081000e-01 -1.79420000e-01 -9.59140000e-02 2.61661000e-01 9.08324000e-03 1.21568000e-01
 6.58715000e-01 7.24322000e-01 -1.78600000e-01 -9.77450000e-02 2.61937000e-01 1.10287000e-02 1.18003000e-01
 6.61231000e-01 7.21770000e-01 -1.81637000e-01 -9.39649000e-02 2.62592000e-01 9.95773000e-03 1.18302000e-01
 6.62078000e-01 7.20584000e-01 -1.83652000e-01 -9.31859000e-02 2.63918000e-01 1.21982000e-02 1.19599000e-01
 6.62638000e-01 7.19396000e-01 -1.86253000e-01 -9.32161000e-02 2.62790000e-01 1.27753000e-02 1.20804000e-01
 6.57111000e-01 7.25496000e-01 -1.79761000e-01 -9.77070000e-02 2.61302000e-01 8.90823000e-03 1.21812000e-01
 6.28043000e-01 7.53254000e-01 -1.27744000e-01 -1.47823000e-01 2.60734000e-01 3.88665000e-03 1.14813000e-01
 6.63702000e-01 7.18133000e-01 -1.88134000e-01 -9.15999000e-02 2.63661000e-01 1.29614000e-02 1.22224000e-01
 6.63744000e-01 7.18164000e-01 -1.88437000e-01 -9.04176000e-02 2.62935000e-01 1.15104000e-02 1.20146000e-01
 6.63691000e-01 7.17739000e-01 -1.88656000e-01 -9.36738000e-02 2.61996000e-01 1.32741000e-02 1.20620000e-01
 6.59589000e-01 7.24635000e-01 -1.76405000e-01 -9.34259000e-02 2.62383000e-01 7.63310000e-03 1.24090000e-01
 6.63471000e-01 7.17232000e-01 -1.93162000e-01 -8.98526000e-02 2.61997000e-01 1.42361000e-02 1.18228000e-01
 6.51711000e-01 7.31160000e-01 -1.65695000e-01 -1.14992000e-01 2.62572000e-01 3.85775000e-03 1.11219000e-01
 6.62244000e-01 7.18833000e-01 -1.92753000e-01 -8.69394000e-02 2.62290000e-01 1.48393000e-02 1.17621000e-01
 6.64167000e-01 7.16748000e-01 -1.93131000e-01 -8.86277000e-02 2.61622000e-01 1.36448000e-02 1.19975000e-01
 6.61820000e-01 7.19105000e-01 -1.90371000e-01 -9.29550000e-02 2.62514000e-01 1.35729000e-02 1.19160000e-01
 6.63675000e-01 7.17069000e-01 -1.93080000e-01 -8.98166000e-02 2.62038000e-01 1.30415000e-02 1.18083000e-01
 6.63949000e-01 7.15670000e-01 -1.98265000e-01 -8.76317000e-02 2.61840000e-01 1.41839000e-02 1.19375000e-01
 6.53142000e-01 7.29744000e-01 -1.68233000e-01 -1.12146000e-01 2.62971000e-01 8.96899000e-03 1.11758000e-01
 6.51381000e-01 7.31955000e-01 -1.59425000e-01 -1.20534000e-01 2.61490000e-01 4.25294000e-03 1.10023000e-01
 6.63945000e-01 7.16515000e-01 -1.95422000e-01 -8.71458000e-02 2.61466000e-01 1.34026000e-02 1.19913000e-01
 6.63017000e-01 7.16947000e-01 -1.96605000e-01 -8.79889000e-02 2.61800000e-01 1.09598000e-02 1.19741000e-01
 6.64053000e-01 7.16375000e-01 -1.95294000e-01 -8.77462000e-02 2.63447000e-01 1.35558000e-02 1.18903000e-01
 6.63474000e-01 7.16167000e-01 -1.98722000e-01 -8.61244000e-02 2.62010000e-01 1.23038000e-02 1.20964000e-01
 6.63942000e-01 7.16318000e-01 -1.96003000e-01 -8.74774000e-02 2.61339000e-01 1.15987000e-02 1.21776000e-01
 6.65077000e-01 7.14394000e-01 -2.00234000e-01 -8.49669000e-02 2.61593000e-01 1.31406000e-02 1.22582000e-01
 6.64475000e-01 7.15043000e-01 -1.98841000e-01 -8.74522000e-02 2.62207000e-01 1.21685000e-02 1.23736000e-01
 6.65730000e-01 7.13415000e-01 -2.02291000e-01 -8.31905000e-02 2.62262000e-01 1.24595000e-02 1.24424000e-01
 6.64530000e-01 7.15170000e-01 -2.00160000e-01 -8.28735000e-02 2.61675000e-01 1.34286000e-02 1.23920000e-01
 6.64862000e-01 7.14651000e-01 -2.01291000e-01 -8.19423000e-02 2.62479000e-01 1.44551000e-02 1.24973000e-01
 6.52749000e-01 7.29876000e-01 -1.68304000e-01 -1.13462000e-01 2.62049000e-01 6.60241000e-03 1.12124000e-01
 6.65610000e-01 7.13537000e-01 -2.03427000e-01 -8.02857000e-02 2.61531000e-01 1.52359000e-02 1.24441000e-01
 6.64368000e-01 7.15115000e-01 -1.99364000e-01 -8.64852000e-02 2.61372000e-01 1.13442000e-02 1.22564000e-01
 6.57842000e-01 7.25394000e-01 -1.75023000e-01 -1.02048000e-01 2.61970000e-01 8.93456000e-03 1.19456000e-01
 6.64891000e-01 7.14989000e-01 -2.00807000e-01 -7.99244000e-02 2.61678000e-01 1.53291000e-02 1.25008000e-01
 6.64475000e-01 7.15005000e-01 -2.01385000e-01 -8.17628000e-02 2.61689000e-01 1.54298000e-02 1.24160000e-01
 6.64619000e-01 7.15203000e-01 -2.01109000e-01 -7.95077000e-02 2.62091000e-01 1.48942000e-02 1.24727000e-01
 6.66026000e-01 7.12621000e-01 -2.05847000e-01 -7.87875000e-02 2.61941000e-01 1.45900000e-02 1.23478000e-01
 6.51991000e-01 7.30882000e-01 -1.65718000e-01 -1.15135000e-01 2.62793000e-01 3.59178000e-03 1.10833000e-01
 6.65939000e-01 7.13000000e-01 -2.03884000e-01 -8.11653000e-02 2.62050000e-01 1.38767000e-02 1.23717000e-01
 6.51720000e-01 7.30975000e-01 -1.66595000e-01 -1.14812000e-01 2.61863000e-01 5.30776000e-03 1.09871000e-01
 6.58501000e-01 7.24606000e-01 -1.77159000e-01 -9.96900000e-02 2.62052000e-01 9.17810000e-03 1.19556000e-01
 6.64456000e-01 7.14548000e-01 -2.04022000e-01 -7.93332000e-02 2.62644000e-01 1.51635000e-02 1.21822000e-01
 6.53214000e-01 7.29639000e-01 -1.69610000e-01 -1.10318000e-01 2.63105000e-01 8.90157000e-03 1.14012000e-01
 6.51222000e-01 7.31643000e-01 -1.65040000e-01 -1.15632000e-01 2.61529000e-01 3.72604000e-03 1.11245000e-01
 6.65370000e-01 7.13876000e-01 -2.03295000e-01 -7.95933000e-02 2.62313000e-01 1.43741000e-02 1.23882000e-01
 6.65585000e-01 7.13440000e-01 -2.03682000e-01 -8.07068000e-02 2.61790000e-01 1.30377000e-02 1.22775000e-01
 6.66163000e-01 7.13403000e-01 -2.00541000e-01 -8.40659000e-02 2.62145000e-01 1.27415000e-02 1.26504000e-01
 6.65116000e-01 7.13664000e-01 -2.04323000e-01 -8.09674000e-02 2.61522000e-01 1.30975000e-02 1.21667000e-01
 6.46598000e-01 7.47173000e-01 -1.20572000e-01 -9.54248000e-02 2.64075000e-01 7.91839000e-03 1.08767000e-01
 6.64760000e-01 7.14174000e-01 -2.04098000e-01 -7.99609000e-02 2.62092000e-01 1.33561000e-02 1.25031000e-01
 6.59349000e-01 7.23967000e-01 -1.76589000e-01 -9.97340000e-02 2.62010000e-01 8.15730000e-03 1.21100000e-01
 6.64852000e-01 7.14271000e-01 -2.03619000e-01 -7.95453000e-02 2.62177000e-01 1.48799000e-02 1.22180000e-01
 6.47476000e-01 7.46362000e-01 -1.20930000e-01 -9.53644000e-02 2.64193000e-01 7.61802000e-03 1.08217000e-01
 6.63630000e-01 7.17755000e-01 -1.88234000e-01 -9.48223000e-02 2.61968000e-01 1.29651000e-02 1.21274000e-01
 6.47209000e-01 7.46697000e-01 -1.19387000e-01 -9.64897000e-02 2.64240000e-01 8.01568000e-03 1.09315000e-01
 6.67309000e-01 7.11094000e-01 -2.07549000e-01 -7.72530000e-02 2.62153000e-01 1.42231000e-02 1.23175000e-01
 6.64369000e-01 7.16917000e-01 -1.91163000e-01 -9.00022000e-02 2.63247000e-01 1.46243000e-02 1.19096000e-01
 6.68984000e-01 7.09267000e-01 -2.08860000e-01 -7.60188000e-02 2.62047000e-01 1.51199000e-02 1.24699000e-01
 6.64944000e-01 7.14874000e-01 -2.01519000e-01 -7.87021000e-02 2.61884000e-01 1.54031000e-02 1.24074000e-01
 6.68680000e-01 7.10328000e-01 -2.06012000e-01 -7.65510000e-02 2.61683000e-01 1.45009000e-02 1.24965000e-01
 6.47714000e-01 7.46490000e-01 -1.19830000e-01 -9.41264000e-02 2.64434000e-01 9.10489000e-03 1.06407000e-01
 6.68347000e-01 7.10397000e-01 -2.06785000e-01 -7.67379000e-02 2.62055000e-01 1.48782000e-02 1.23885000e-01
 6.48311000e-01 7.47022000e-01 -1.15135000e-01 -9.16221000e-02 2.64474000e-01 1.05640000e-02 1.06017000e-01
 6.68823000e-01 7.10276000e-01 -2.06172000e-01 -7.53447000e-02 2.61779000e-01 1.39777000e-02 1.23111000e-01
