7
hinge 1 0 0 -0 -0 1 1 0

1 0 0 0.22
0 1 0 0.14
0 0 1 0.346

1 0 0 0
0 1 0 0
0 0 1 0


hinge 2 1 1 -0 1 3.42285e-08 1 0

1 0 0 0
0 1 0 0
0 0 1 0

1 -0 0 0
0 3.42285e-08 1 0
-0 -1 3.42285e-08 0


hinge 3 2 2 -0 -1 3.42285e-08 1 0

1 0 0 0
0 1 0 0
0 0 1 0

1 0 0 0
0 3.42285e-08 -1 0
0 1 3.42285e-08 0


hinge 4 3 3 -0 1 3.42285e-08 1 0

1 0 0 0.045
0 1 0 0
0 0 1 0.55

1 -0 0 0
0 3.42285e-08 1 0
-0 -1 3.42285e-08 0


hinge 5 4 4 -0 -1 3.42285e-08 1 0

1 0 0 -0.045
0 1 0 -2.68221e-08
0 0 1 5.27646e-17

1 0 0 0
0 3.42285e-08 -1 0
0 1 3.42285e-08 0


hinge 6 5 5 -0 1 3.42285e-08 1 0

1 0 0 0
0 1 0 0
0 0 1 0.3

1 -0 0 0
0 3.42285e-08 1 0
-0 -1 3.42285e-08 0


hinge 7 6 6 -0 -1 3.42285e-08 1 0

1 0 0 0
0 1 0 -8.9407e-09
0 0 1 1.05529e-16

1 0 0 0
0 3.42285e-08 -1 0
0 1 3.42285e-08 0


