 -6.37755000e-02 9.56417000e-01 -3.74880000e-03 -2.84929000e-01 2.59135000e-01 1.18125000e-01 2.60824000e-01
 -6.81369000e-02 9.56684000e-01 -1.41722000e-03 -2.83039000e-01 2.58267000e-01 1.20007000e-01 2.62250000e-01
 -5.64344000e-02 9.56809000e-01 -1.78091000e-03 -2.85182000e-01 2.58043000e-01 1.15256000e-01 2.61556000e-01
 -6.74629000e-02 9.56825000e-01 -2.24374000e-03 -2.82718000e-01 2.59488000e-01 1.16161000e-01 2.62463000e-01
 -6.66602000e-02 9.56459000e-01 -6.08616000e-03 -2.84087000e-01 2.58361000e-01 1.19821000e-01 2.60690000e-01
 -6.30713000e-02 9.56851000e-01 -5.17641000e-03 -2.83606000e-01 2.58304000e-01 1.19468000e-01 2.59720000e-01
 -6.64466000e-02 9.56978000e-01 -3.23505000e-03 -2.82431000e-01 2.59752000e-01 1.20671000e-01 2.63766000e-01
 -6.82043000e-02 9.56837000e-01 -1.88386000e-03 -2.82501000e-01 2.60664000e-01 1.16087000e-01 2.63572000e-01
 -7.46118000e-02 9.57037000e-01 -1.65718000e-02 -2.79712000e-01 2.58740000e-01 1.18456000e-01 2.61257000e-01
 -6.45620000e-02 9.58417000e-01 -1.87023000e-02 -2.77344000e-01 2.59850000e-01 1.10812000e-01 2.61879000e-01
 -7.74203000e-02 9.56057000e-01 -1.82201000e-02 -2.82187000e-01 2.59255000e-01 1.16335000e-01 2.61923000e-01
 -7.75169000e-02 9.56058000e-01 -2.11630000e-02 -2.81950000e-01 2.60384000e-01 1.16624000e-01 2.62309000e-01
 -6.46781000e-02 9.59083000e-01 -2.07924000e-02 -2.74852000e-01 2.60818000e-01 1.10825000e-01 2.62275000e-01
 -5.83380000e-02 9.56858000e-01 -1.48605000e-02 -2.84251000e-01 2.58906000e-01 1.06749000e-01 2.63130000e-01
 -7.44855000e-02 9.57224000e-01 -1.43071000e-02 -2.79229000e-01 2.59066000e-01 1.19047000e-01 2.61373000e-01
 -7.56434000e-02 9.55948000e-01 -2.01710000e-02 -2.82902000e-01 2.58790000e-01 1.12533000e-01 2.64129000e-01
 -7.55822000e-02 9.56802000e-01 -1.74643000e-02 -2.80200000e-01 2.59482000e-01 1.16089000e-01 2.62342000e-01
 -5.87146000e-02 9.57467000e-01 -5.03089000e-03 -2.82462000e-01 2.60872000e-01 1.19960000e-01 2.61755000e-01
 -4.84032000e-02 9.58984000e-01 -1.15859000e-02 -2.79056000e-01 2.58730000e-01 1.02523000e-01 2.62520000e-01
 -7.08227000e-02 9.56549000e-01 -3.75692000e-04 -2.82841000e-01 2.60807000e-01 1.21788000e-01 2.61845000e-01
 -7.30769000e-02 9.57609000e-01 -1.61806000e-02 -2.78180000e-01 2.60642000e-01 1.05322000e-01 2.69656000e-01
 -7.33555000e-02 9.58388000e-01 -1.39477000e-02 -2.75529000e-01 2.61697000e-01 1.05400000e-01 2.68616000e-01
 -8.24574000e-02 9.55220000e-01 -5.17667000e-03 -2.84128000e-01 2.58930000e-01 1.18864000e-01 2.60616000e-01
 -7.54949000e-02 9.56870000e-01 -1.47710000e-02 -2.80145000e-01 2.59947000e-01 1.10512000e-01 2.63166000e-01
 -7.59909000e-02 9.56458000e-01 -2.61370000e-02 -2.80589000e-01 2.59799000e-01 1.11492000e-01 2.67758000e-01
 -7.50284000e-02 9.56408000e-01 -1.88826000e-02 -2.81600000e-01 2.59130000e-01 1.15525000e-01 2.60849000e-01
 -2.65958000e-02 9.58922000e-01 -7.22813000e-04 -2.82420000e-01 2.60105000e-01 9.07654000e-02 2.61678000e-01
 -7.66850000e-02 9.56971000e-01 -2.31207000e-02 -2.78911000e-01 2.60125000e-01 1.11811000e-01 2.66226000e-01
 -8.07055000e-02 9.57262000e-01 -1.31507000e-02 -2.77424000e-01 2.59341000e-01 1.20029000e-01 2.63424000e-01
 -7.68305000e-02 9.55283000e-01 -6.98695000e-03 -2.85451000e-01 2.58674000e-01 1.18398000e-01 2.61771000e-01
 -7.01669000e-02 9.57729000e-01 -7.41592000e-03 -2.78884000e-01 2.58785000e-01 1.14157000e-01 2.60869000e-01
 -2.31011000e-02 9.58507000e-01 5.46666000e-03 -2.84080000e-01 2.57674000e-01 8.79348000e-02 2.61605000e-01
 -2.03382000e-02 9.56359000e-01 5.62191000e-03 -2.91432000e-01 2.57866000e-01 8.25560000e-02 2.59864000e-01
 -1.66891000e-02 9.57566000e-01 5.88043000e-03 -2.87671000e-01 2.57635000e-01 7.91858000e-02 2.60876000e-01
 -6.64452000e-02 9.55945000e-01 -9.53527000e-03 -2.85769000e-01 2.57789000e-01 1.21450000e-01 2.65780000e-01
 -7.05741000e-02 9.55580000e-01 -3.65178000e-03 -2.86135000e-01 2.58547000e-01 1.14601000e-01 2.61986000e-01
 -2.01865000e-02 9.56675000e-01 2.51415000e-02 -2.89369000e-01 2.57676000e-01 7.69280000e-02 2.59715000e-01
 -2.49712000e-02 9.56654000e-01 2.01019000e-02 -2.89456000e-01 2.57960000e-01 8.06516000e-02 2.58986000e-01
 -2.01063000e-02 9.56700000e-01 1.94855000e-02 -2.89725000e-01 2.57863000e-01 7.72865000e-02 2.61487000e-01
 -6.30160000e-02 9.55578000e-01 -3.33974000e-03 -2.87903000e-01 2.58283000e-01 1.21675000e-01 2.60614000e-01
 -1.48486000e-02 9.56221000e-01 1.79705000e-02 -2.91716000e-01 2.57958000e-01 7.43597000e-02 2.62653000e-01
 -1.90618000e-02 9.57856000e-01 5.92844000e-03 -2.86554000e-01 2.59881000e-01 8.79125000e-02 2.61493000e-01
 -7.43629000e-02 9.56133000e-01 -1.85723000e-02 -2.82728000e-01 2.59827000e-01 1.15766000e-01 2.61716000e-01
 -2.43319000e-02 9.56629000e-01 2.91230000e-02 -2.88825000e-01 2.57851000e-01 7.94496000e-02 2.60227000e-01
 -6.30458000e-02 9.56876000e-01 -5.60309000e-03 -2.83518000e-01 2.58266000e-01 1.19505000e-01 2.59608000e-01
 -6.89529000e-02 9.57083000e-01 -9.77870000e-04 -2.81489000e-01 2.59574000e-01 1.19967000e-01 2.63273000e-01
 -1.82160000e-02 9.56775000e-01 1.70104000e-02 -2.89761000e-01 2.58478000e-01 7.53441000e-02 2.61097000e-01
 -4.16414000e-02 9.55105000e-01 7.81273000e-03 -2.93223000e-01 2.57951000e-01 1.07182000e-01 2.60530000e-01
 -7.66572000e-02 9.56704000e-01 -2.78738000e-02 -2.79400000e-01 2.62370000e-01 1.09711000e-01 2.62838000e-01
 -2.69523000e-02 9.55435000e-01 2.44381000e-02 -2.92951000e-01 2.57087000e-01 7.83170000e-02 2.60548000e-01
 -3.64111000e-02 9.50550000e-01 2.07375000e-02 -3.07731000e-01 2.55093000e-01 1.01121000e-01 2.56789000e-01
 -1.20277000e-02 9.56154000e-01 2.14873000e-02 -2.91828000e-01 2.56987000e-01 7.29279000e-02 2.59810000e-01
 -2.06866000e-02 9.55958000e-01 2.00745000e-02 -2.92084000e-01 2.57652000e-01 7.89336000e-02 2.58994000e-01
 -5.16841000e-02 9.56657000e-01 -8.03402000e-05 -2.86595000e-01 2.58998000e-01 1.14106000e-01 2.61291000e-01
 -2.91177000e-02 9.56144000e-01 3.43039000e-02 -2.89419000e-01 2.57229000e-01 7.83509000e-02 2.59723000e-01
 -2.11315000e-02 9.54858000e-01 1.95712000e-02 -2.95664000e-01 2.57566000e-01 8.00832000e-02 2.60642000e-01
 -2.43087000e-03 9.56143000e-01 1.78006000e-02 -2.92349000e-01 2.57916000e-01 6.91182000e-02 2.60466000e-01
 2.91242000e-03 9.56507000e-01 1.67926000e-02 -2.91211000e-01 2.57273000e-01 6.89378000e-02 2.61738000e-01
 -8.16261000e-02 9.59680000e-01 1.64440000e-03 -2.68978000e-01 2.61850000e-01 1.25487000e-01 2.66112000e-01
 -2.73949000e-02 9.53129000e-01 1.55455000e-02 -3.00919000e-01 2.55232000e-01 8.18742000e-02 2.58924000e-01
 -2.28349000e-02 9.56457000e-01 1.26529000e-03 -2.90976000e-01 2.57892000e-01 8.45665000e-02 2.60721000e-01
 -3.82900000e-02 9.55183000e-01 4.17779000e-02 -2.90540000e-01 2.57371000e-01 8.19110000e-02 2.62704000e-01
 -3.32375000e-02 9.54357000e-01 8.67440000e-03 -2.96687000e-01 2.57234000e-01 9.58785000e-02 2.60137000e-01
 -2.19269000e-02 9.57290000e-01 6.73445000e-03 -2.88217000e-01 2.57749000e-01 8.64500000e-02 2.64876000e-01
 -7.63990000e-02 9.57788000e-01 -2.08889000e-03 -2.77130000e-01 2.62416000e-01 1.23401000e-01 2.67250000e-01
 -8.55183000e-02 9.62574000e-01 -1.99406000e-02 -2.56399000e-01 2.62589000e-01 1.15088000e-01 2.66568000e-01
 -2.70388000e-02 9.56448000e-01 2.88427000e-02 -2.89214000e-01 2.57497000e-01 7.84737000e-02 2.61285000e-01
 -3.65250000e-02 9.54283000e-01 4.26891000e-02 -2.93578000e-01 2.56469000e-01 8.31567000e-02 2.62705000e-01
 -2.71395000e-02 9.52917000e-01 1.55573000e-02 -3.01613000e-01 2.55635000e-01 8.06151000e-02 2.60776000e-01
 2.24062000e-02 9.55102000e-01 2.14620000e-03 -2.95420000e-01 2.58270000e-01 6.78988000e-02 2.62167000e-01
 -1.57983000e-02 9.58307000e-01 3.71356000e-03 -2.85278000e-01 2.58578000e-01 8.48097000e-02 2.61761000e-01
 -4.79906000e-02 9.52729000e-01 5.30165000e-02 -2.95285000e-01 2.56774000e-01 9.07874000e-02 2.65893000e-01
 -7.75990000e-02 9.55991000e-01 -7.41302000e-03 -2.82851000e-01 2.58644000e-01 1.19731000e-01 2.60381000e-01
 -8.55106000e-02 9.62530000e-01 -2.03277000e-02 -2.56535000e-01 2.61859000e-01 1.13429000e-01 2.67012000e-01
 -5.32889000e-02 9.53641000e-01 5.62554000e-02 -2.90799000e-01 2.58375000e-01 9.40882000e-02 2.65714000e-01
 -5.58646000e-02 9.54313000e-01 5.76652000e-02 -2.87820000e-01 2.58541000e-01 9.41180000e-02 2.64079000e-01
 2.56328000e-03 9.55824000e-01 -3.10854000e-02 -2.92280000e-01 2.57507000e-01 7.57038000e-02 2.58968000e-01
 2.33708000e-03 9.54730000e-01 -3.36185000e-02 -2.95557000e-01 2.56264000e-01 7.31999000e-02 2.59756000e-01
 4.11956000e-02 9.60096000e-01 -3.40705000e-02 -2.74514000e-01 2.60892000e-01 6.88084000e-02 2.63715000e-01
 -9.18940000e-02 9.61809000e-01 -2.02625000e-02 -2.57039000e-01 2.62716000e-01 1.14815000e-01 2.65238000e-01
 -7.52751000e-02 9.56562000e-01 4.87957000e-03 -2.81600000e-01 2.59393000e-01 1.24593000e-01 2.60960000e-01
 -7.13707000e-02 9.57355000e-01 -3.86900000e-03 -2.79933000e-01 2.59420000e-01 1.18599000e-01 2.63493000e-01
 2.66097000e-03 9.55777000e-01 -3.02238000e-02 -2.92521000e-01 2.56621000e-01 7.32271000e-02 2.59262000e-01
 4.19135000e-02 9.59457000e-01 -3.16424000e-02 -2.76920000e-01 2.58832000e-01 6.69081000e-02 2.66685000e-01
 -4.06078000e-03 9.59742000e-01 5.12721000e-03 -2.80805000e-01 2.59157000e-01 8.10611000e-02 2.60242000e-01
 -1.12535000e-01 9.50543000e-01 1.91263000e-03 -2.89483000e-01 2.58122000e-01 1.34587000e-01 2.63821000e-01
 -2.31905000e-02 9.59131000e-01 -4.37940000e-03 -2.81975000e-01 2.58095000e-01 8.75361000e-02 2.59833000e-01
 -7.77524000e-02 9.52047000e-01 8.67109000e-02 -2.82918000e-01 2.57440000e-01 9.61830000e-02 2.66099000e-01
 3.94581000e-02 9.59947000e-01 -2.99221000e-02 -2.75769000e-01 2.60313000e-01 7.04610000e-02 2.63621000e-01
 2.20689000e-02 9.56207000e-01 2.12420000e-03 -2.91849000e-01 2.58268000e-01 6.77097000e-02 2.61989000e-01
 2.84694000e-02 9.54560000e-01 5.79965000e-03 -2.96601000e-01 2.56183000e-01 6.35903000e-02 2.65072000e-01
 3.71381000e-03 9.55537000e-01 -2.97471000e-02 -2.93343000e-01 2.56980000e-01 7.24023000e-02 2.60075000e-01
 -2.62118000e-02 9.52797000e-01 2.58991000e-02 -3.01365000e-01 2.55891000e-01 9.63589000e-02 2.59724000e-01
 -8.31978000e-02 9.55058000e-01 -4.35164000e-03 -2.84472000e-01 2.57979000e-01 1.22460000e-01 2.60544000e-01
 3.22750000e-02 9.57592000e-01 -2.05243000e-02 -2.85577000e-01 2.58608000e-01 6.93301000e-02 2.65493000e-01
 2.86005000e-03 9.56420000e-01 -3.00041000e-02 -2.90436000e-01 2.57444000e-01 7.27126000e-02 2.58568000e-01
 3.07495000e-03 9.56920000e-01 -3.06971000e-02 -2.88708000e-01 2.57402000e-01 7.48338000e-02 2.58405000e-01
 4.89668000e-02 9.59708000e-01 -3.48856000e-02 -2.74492000e-01 2.59022000e-01 6.35044000e-02 2.63530000e-01
 4.14562000e-02 9.59429000e-01 -3.20796000e-02 -2.77034000e-01 2.58970000e-01 6.68830000e-02 2.66865000e-01
 -8.38451000e-02 9.53459000e-01 -4.15099000e-02 -2.86639000e-01 2.57764000e-01 1.11026000e-01 2.63270000e-01
 -7.72163000e-02 9.55611000e-01 -6.67022000e-03 -2.84254000e-01 2.59389000e-01 1.16875000e-01 2.61756000e-01
 6.01421000e-02 9.57149000e-01 -6.15614000e-02 -2.76512000e-01 2.58668000e-01 6.27081000e-02 2.65236000e-01
 6.17957000e-02 9.56694000e-01 -7.43671000e-02 -2.74569000e-01 2.59554000e-01 6.20417000e-02 2.68690000e-01
 -7.70169000e-02 9.55270000e-01 -5.50327000e-03 -2.85476000e-01 2.58290000e-01 1.17109000e-01 2.63398000e-01
 -8.57286000e-02 9.63583000e-01 -1.80731000e-02 -2.52650000e-01 2.64944000e-01 1.14996000e-01 2.69485000e-01
 6.93122000e-02 9.57905000e-01 -7.63073000e-02 -2.67940000e-01 2.61029000e-01 5.82531000e-02 2.67084000e-01
 -1.03435000e-01 9.52663000e-01 1.60544000e-03 -2.85888000e-01 2.60050000e-01 1.32487000e-01 2.63535000e-01
 -2.93516000e-02 9.59329000e-01 -1.39980000e-02 -2.80412000e-01 2.58769000e-01 9.34952000e-02 2.62192000e-01
 7.01691000e-02 9.57477000e-01 -8.04053000e-02 -2.68046000e-01 2.60186000e-01 5.66225000e-02 2.68861000e-01
 -4.06033000e-02 9.52403000e-01 1.84377000e-02 -3.01564000e-01 2.57748000e-01 1.02748000e-01 2.58499000e-01
 -5.24872000e-02 9.58927000e-01 -1.12679000e-02 -2.78527000e-01 2.60366000e-01 1.03889000e-01 2.62543000e-01
 -1.32556000e-01 9.48886000e-01 3.49523000e-03 -2.86412000e-01 2.58076000e-01 1.47635000e-01 2.61564000e-01
 -7.61950000e-02 9.55788000e-01 -5.85685000e-03 -2.83954000e-01 2.58688000e-01 1.16846000e-01 2.60642000e-01
 -5.72087000e-03 9.58967000e-01 3.24141000e-03 -2.83442000e-01 2.58663000e-01 8.18158000e-02 2.59715000e-01
 -1.32328000e-01 9.48387000e-01 1.25289000e-03 -2.88183000e-01 2.58133000e-01 1.47637000e-01 2.64758000e-01
 -6.38255000e-03 9.58960000e-01 4.13706000e-03 -2.83439000e-01 2.58899000e-01 8.13769000e-02 2.61267000e-01
 -1.31857000e-01 9.49010000e-01 1.19136000e-03 -2.86342000e-01 2.58146000e-01 1.44624000e-01 2.61320000e-01
 -1.06324000e-01 9.49450000e-01 1.14246000e-01 -2.72373000e-01 2.57844000e-01 1.12881000e-01 2.71334000e-01
 -9.12617000e-02 9.61628000e-01 -2.09611000e-02 -2.57884000e-01 2.62707000e-01 1.14534000e-01 2.66631000e-01
 -1.07562000e-01 9.49933000e-01 1.10753000e-01 -2.71647000e-01 2.57868000e-01 1.12190000e-01 2.71292000e-01
 -1.50863000e-02 9.52324000e-01 3.44453000e-02 -3.02761000e-01 2.55825000e-01 9.12611000e-02 2.62494000e-01
 -1.08259000e-01 9.48730000e-01 1.12834000e-01 -2.74700000e-01 2.57213000e-01 1.14102000e-01 2.71616000e-01
 -6.23155000e-02 9.55920000e-01 -5.52202000e-03 -2.86886000e-01 2.58592000e-01 1.19308000e-01 2.63553000e-01
 3.23740000e-02 9.56643000e-01 -1.48400000e-02 -2.89079000e-01 2.58459000e-01 6.60779000e-02 2.63073000e-01
 -7.31438000e-02 9.56875000e-01 -1.47006000e-02 -2.80756000e-01 2.58710000e-01 1.17018000e-01 2.62529000e-01
 -8.10695000e-02 9.57293000e-01 -1.21266000e-02 -2.77254000e-01 2.60327000e-01 1.19647000e-01 2.64109000e-01
 -7.40931000e-02 9.56572000e-01 -1.63277000e-02 -2.81448000e-01 2.59556000e-01 1.10017000e-01 2.62466000e-01
 6.95104000e-02 9.57568000e-01 -7.92573000e-02 -2.68237000e-01 2.59236000e-01 5.77633000e-02 2.68161000e-01
 -5.85783000e-02 9.56642000e-01 -2.82184000e-03 -2.85300000e-01 2.58874000e-01 1.18945000e-01 2.64262000e-01
 -1.07000000e-01 9.49369000e-01 1.14151000e-01 -2.72431000e-01 2.57723000e-01 1.14476000e-01 2.70516000e-01
 -5.04212000e-02 9.57069000e-01 2.84725000e-03 -2.85426000e-01 2.58894000e-01 1.12961000e-01 2.61577000e-01
 -1.23910000e-03 9.57172000e-01 2.25430000e-02 -2.88638000e-01 2.57737000e-01 7.20938000e-02 2.60305000e-01
 3.27978000e-02 9.58917000e-01 -1.49658000e-02 -2.81388000e-01 2.58900000e-01 6.54436000e-02 2.63386000e-01
 4.04146000e-02 9.60175000e-01 -2.85716000e-02 -2.74980000e-01 2.59681000e-01 6.66485000e-02 2.64469000e-01
 -1.39381000e-01 9.47162000e-01 1.26873000e-02 -2.88612000e-01 2.57296000e-01 1.52258000e-01 2.61993000e-01
 -2.34698000e-02 9.57439000e-01 3.20679000e-02 -2.85886000e-01 2.58236000e-01 7.72405000e-02 2.60284000e-01
 -1.01142000e-01 9.51221000e-01 1.12608000e-01 -2.68829000e-01 2.58598000e-01 1.09838000e-01 2.69895000e-01
 -8.60519000e-02 9.62384000e-01 -1.81675000e-02 -2.57063000e-01 2.61949000e-01 1.11841000e-01 2.67073000e-01
 -9.93784000e-02 9.50665000e-01 1.09195000e-01 -2.72831000e-01 2.57130000e-01 1.06469000e-01 2.71085000e-01
 -1.44690000e-01 9.48375000e-01 -1.43692000e-03 -2.82219000e-01 2.59384000e-01 1.48926000e-01 2.63995000e-01
 8.20914000e-02 9.49199000e-01 -1.13347000e-01 -2.81842000e-01 2.56352000e-01 5.39601000e-02 2.71430000e-01
 -7.97319000e-02 9.55617000e-01 -3.95876000e-03 -2.83591000e-01 2.58353000e-01 1.18413000e-01 2.60347000e-01
 8.50989000e-02 9.47763000e-01 -1.15362000e-01 -2.84946000e-01 2.55536000e-01 5.07595000e-02 2.70869000e-01
 8.32060000e-02 9.47256000e-01 -1.13818000e-01 -2.87798000e-01 2.54927000e-01 5.37777000e-02 2.73055000e-01
 7.94228000e-02 9.57977000e-01 -7.39556000e-02 -2.65522000e-01 2.59571000e-01 5.68431000e-02 2.69004000e-01
 -1.40429000e-02 9.56685000e-01 1.53760000e-02 -2.90380000e-01 2.59047000e-01 7.26282000e-02 2.60937000e-01
 -3.01595000e-02 9.52262000e-01 2.30975000e-02 -3.02910000e-01 2.55164000e-01 1.00780000e-01 2.59368000e-01
 -7.61029000e-02 9.57484000e-01 -7.68250000e-04 -2.78265000e-01 2.60660000e-01 1.21595000e-01 2.65646000e-01
 -1.13929000e-01 9.47248000e-01 1.14851000e-01 -2.76677000e-01 2.56357000e-01 1.14341000e-01 2.72414000e-01
 -2.19233000e-02 9.57384000e-01 2.14131000e-02 -2.87186000e-01 2.57544000e-01 7.90044000e-02 2.60718000e-01
 -6.01289000e-03 9.52988000e-01 3.94531000e-02 -3.00370000e-01 2.57069000e-01 8.54897000e-02 2.60873000e-01
 7.37342000e-02 9.55472000e-01 -8.57989000e-02 -2.72535000e-01 2.60750000e-01 5.63959000e-02 2.67910000e-01
 8.49708000e-02 9.48877000e-01 -1.18375000e-01 -2.80000000e-01 2.57429000e-01 5.14214000e-02 2.72253000e-01
 7.85173000e-02 9.58010000e-01 -7.48982000e-02 -2.65411000e-01 2.59753000e-01 5.59741000e-02 2.69752000e-01
 8.16352000e-02 9.49044000e-01 -1.15247000e-01 -2.81725000e-01 2.56560000e-01 5.17859000e-02 2.73157000e-01
 -1.12218000e-01 9.52527000e-01 1.22991000e-01 -2.54898000e-01 2.58782000e-01 1.15096000e-01 2.73865000e-01
 -8.54765000e-02 9.63485000e-01 -1.90327000e-02 -2.53039000e-01 2.64282000e-01 1.13787000e-01 2.67763000e-01
 8.48095000e-02 9.47582000e-01 -1.26198000e-01 -2.81016000e-01 2.55910000e-01 5.22829000e-02 2.72573000e-01
 -1.55717000e-01 9.46732000e-01 -1.74849000e-03 -2.81864000e-01 2.60261000e-01 1.51963000e-01 2.69469000e-01
 -2.38715000e-02 9.53871000e-01 2.24889000e-02 -2.98420000e-01 2.55824000e-01 8.09019000e-02 2.57979000e-01
 2.88791000e-02 9.56941000e-01 -1.68061000e-02 -2.88353000e-01 2.58615000e-01 7.14604000e-02 2.61725000e-01
 -1.54823000e-02 9.58268000e-01 2.04735000e-03 -2.85444000e-01 2.58698000e-01 8.60236000e-02 2.62327000e-01
 -1.28982000e-01 9.43202000e-01 1.23242000e-01 -2.80259000e-01 2.56656000e-01 1.18086000e-01 2.72230000e-01
 -8.42607000e-02 9.60595000e-01 5.56797000e-03 -2.64812000e-01 2.61901000e-01 1.27246000e-01 2.70848000e-01
 -1.27443000e-01 9.45015000e-01 1.17210000e-01 -2.77429000e-01 2.57417000e-01 1.19978000e-01 2.70085000e-01
 8.59267000e-02 9.46876000e-01 -1.33344000e-01 -2.79753000e-01 2.55984000e-01 5.24331000e-02 2.72280000e-01
 -1.32890000e-01 9.42283000e-01 1.25879000e-01 -2.80354000e-01 2.55988000e-01 1.20921000e-01 2.73218000e-01
 -2.78839000e-02 9.59686000e-01 -1.12052000e-02 -2.79464000e-01 2.59295000e-01 9.32529000e-02 2.60241000e-01
 -1.10263000e-01 9.52308000e-01 1.20985000e-01 -2.57515000e-01 2.58846000e-01 1.18433000e-01 2.73341000e-01
 -1.08682000e-01 9.52555000e-01 1.26546000e-01 -2.54584000e-01 2.58905000e-01 1.18930000e-01 2.75648000e-01
 -1.61666000e-01 9.47441000e-01 4.62631000e-03 -2.76040000e-01 2.59817000e-01 1.52809000e-01 2.69319000e-01
 -8.51519000e-02 9.63322000e-01 -1.95224000e-02 -2.53731000e-01 2.62965000e-01 1.14556000e-01 2.69250000e-01
 -9.54716000e-02 9.62260000e-01 -2.54110000e-02 -2.53567000e-01 2.64023000e-01 1.16662000e-01 2.67230000e-01
 -7.14860000e-02 9.56942000e-01 -1.48601000e-02 -2.80946000e-01 2.59307000e-01 1.16717000e-01 2.62132000e-01
 1.16094000e-01 9.60767000e-01 -6.73418000e-02 -2.42723000e-01 2.63859000e-01 4.28932000e-02 2.73660000e-01
 1.19491000e-01 9.61121000e-01 -6.74504000e-02 -2.39621000e-01 2.64103000e-01 4.09624000e-02 2.74088000e-01
 -4.75263000e-03 9.51802000e-01 4.49439000e-02 -3.03366000e-01 2.57314000e-01 8.34313000e-02 2.62403000e-01
 -3.18149000e-04 9.50697000e-01 4.59404000e-02 -3.06700000e-01 2.54422000e-01 8.03344000e-02 2.64934000e-01
 -7.83505000e-02 9.56922000e-01 -3.07968000e-02 -2.77874000e-01 2.61677000e-01 1.10896000e-01 2.62558000e-01
 -1.64725000e-01 9.47012000e-01 3.58502000e-03 -2.75718000e-01 2.59374000e-01 1.52726000e-01 2.69036000e-01
 -8.33050000e-02 9.63277000e-01 -2.15029000e-02 -2.54352000e-01 2.63014000e-01 1.13706000e-01 2.65431000e-01
 1.00687000e-02 9.57108000e-01 1.67188000e-02 -2.89073000e-01 2.58530000e-01 6.54556000e-02 2.59795000e-01
 1.03058000e-01 9.41964000e-01 -1.54031000e-01 -2.79924000e-01 2.54722000e-01 4.92644000e-02 2.72163000e-01
 -3.51603000e-02 9.50960000e-01 1.96302000e-02 -3.06680000e-01 2.56736000e-01 1.00019000e-01 2.59877000e-01
 1.08605000e-01 9.40546000e-01 -1.66240000e-01 -2.75576000e-01 2.54548000e-01 4.83840000e-02 2.71605000e-01
 9.92345000e-02 9.59165000e-01 -6.90087000e-02 -2.55720000e-01 2.62252000e-01 5.25348000e-02 2.71287000e-01
 -1.68343000e-01 9.46316000e-01 4.17864000e-03 -2.75916000e-01 2.60063000e-01 1.49313000e-01 2.68915000e-01
 -1.01079000e-01 9.50472000e-01 1.42339000e-01 -2.57149000e-01 2.58196000e-01 1.14468000e-01 2.76982000e-01
 -1.75981000e-02 9.56677000e-01 1.92371000e-02 -2.89983000e-01 2.57851000e-01 7.71030000e-02 2.59469000e-01
 1.30111000e-01 9.59472000e-01 -6.78817000e-02 -2.40575000e-01 2.64007000e-01 3.85516000e-02 2.75569000e-01
 -1.86903000e-02 9.57496000e-01 8.64956000e-03 -2.87711000e-01 2.57801000e-01 7.96850000e-02 2.61194000e-01
 1.20942000e-01 9.37583000e-01 -1.73360000e-01 -2.76149000e-01 2.54270000e-01 4.61785000e-02 2.73840000e-01
 -6.56982000e-02 9.56473000e-01 -5.88227000e-03 -2.84270000e-01 2.60631000e-01 1.19936000e-01 2.61993000e-01
 3.87331000e-02 9.59835000e-01 -2.64876000e-02 -2.76614000e-01 2.59149000e-01 6.96810000e-02 2.64524000e-01
 -8.53682000e-02 9.63716000e-01 -1.90736000e-02 -2.52191000e-01 2.63262000e-01 1.13785000e-01 2.68658000e-01
 1.27041000e-01 9.60172000e-01 -6.98881000e-02 -2.38843000e-01 2.62663000e-01 3.87121000e-02 2.73853000e-01
 1.34408000e-01 9.59071000e-01 -6.74905000e-02 -2.39923000e-01 2.63630000e-01 3.82128000e-02 2.76550000e-01
 -9.51964000e-02 9.62149000e-01 -2.62273000e-02 -2.54005000e-01 2.64220000e-01 1.16381000e-01 2.67154000e-01
 -1.81149000e-01 9.44786000e-01 7.53972000e-03 -2.72962000e-01 2.60691000e-01 1.57544000e-01 2.65442000e-01
 -7.52248000e-02 9.56911000e-01 8.50630000e-03 -2.80338000e-01 2.60290000e-01 1.24207000e-01 2.63352000e-01
