 -6.73205000e-02 9.56911000e-01 -8.69182000e-03 -2.82335000e-01 2.58364000e-01 1.23147000e-01 2.59560000e-01
 -6.52112000e-02 9.56943000e-01 -4.15237000e-03 -2.82826000e-01 2.58688000e-01 1.17047000e-01 2.59666000e-01
 -5.57688000e-02 9.57345000e-01 2.90823000e-04 -2.83515000e-01 2.59766000e-01 1.15581000e-01 2.61835000e-01
 -6.81273000e-02 9.58124000e-01 -7.81147000e-03 -2.78020000e-01 2.60000000e-01 1.13450000e-01 2.61429000e-01
 -7.26035000e-02 9.57574000e-01 -6.53007000e-03 -2.78815000e-01 2.58748000e-01 1.14125000e-01 2.61110000e-01
 -7.46118000e-02 9.57037000e-01 -1.65718000e-02 -2.79712000e-01 2.58740000e-01 1.18456000e-01 2.61257000e-01
 -7.07837000e-02 9.55487000e-01 -2.23116000e-04 -2.86418000e-01 2.59038000e-01 1.14921000e-01 2.61099000e-01
 -8.35498000e-02 9.57109000e-01 -1.35021000e-02 -2.77090000e-01 2.59902000e-01 1.18859000e-01 2.62734000e-01
 -5.09904000e-02 9.57001000e-01 -7.39766000e-04 -2.85568000e-01 2.59329000e-01 1.15067000e-01 2.60563000e-01
 -7.44855000e-02 9.57224000e-01 -1.43071000e-02 -2.79229000e-01 2.59066000e-01 1.19047000e-01 2.61373000e-01
 -7.79993000e-02 9.55961000e-01 -7.21771000e-03 -2.82849000e-01 2.60113000e-01 1.16801000e-01 2.62233000e-01
 -2.95312000e-02 9.59498000e-01 -1.39334000e-02 -2.79816000e-01 2.59515000e-01 9.33368000e-02 2.61877000e-01
 -2.83566000e-02 9.59391000e-01 -6.04998000e-03 -2.80585000e-01 2.60328000e-01 9.01408000e-02 2.60803000e-01
 -2.65958000e-02 9.58922000e-01 -7.22813000e-04 -2.82420000e-01 2.60105000e-01 9.07654000e-02 2.61678000e-01
 -2.75134000e-02 9.58613000e-01 2.35669000e-03 -2.83371000e-01 2.59686000e-01 9.05029000e-02 2.60514000e-01
 -6.28229000e-02 9.56967000e-01 -4.88506000e-03 -2.83273000e-01 2.58045000e-01 1.18767000e-01 2.59004000e-01
 -1.76214000e-02 9.58728000e-01 5.14589000e-03 -2.83732000e-01 2.59871000e-01 8.57927000e-02 2.61637000e-01
 -6.92375000e-02 9.57008000e-01 -2.31897000e-03 -2.81668000e-01 2.60085000e-01 1.20744000e-01 2.61597000e-01
 -5.33727000e-02 9.57029000e-01 -1.25349000e-03 -2.85036000e-01 2.59332000e-01 1.14470000e-01 2.61163000e-01
 -4.03660000e-02 9.55102000e-01 8.97172000e-03 -2.93378000e-01 2.58015000e-01 1.06330000e-01 2.58752000e-01
 -1.66524000e-02 9.57075000e-01 2.56767000e-02 -2.88220000e-01 2.58743000e-01 7.61488000e-02 2.59938000e-01
 -2.17076000e-02 9.56944000e-01 2.70226000e-02 -2.88195000e-01 2.58415000e-01 7.86868000e-02 2.59952000e-01
 -7.68353000e-02 9.57092000e-01 -1.45141000e-02 -2.79036000e-01 2.58987000e-01 1.16572000e-01 2.60703000e-01
 -8.03439000e-02 9.57407000e-01 -1.33605000e-02 -2.77018000e-01 2.59616000e-01 1.18814000e-01 2.61975000e-01
 -1.11505000e-02 9.57679000e-01 1.17056000e-02 -2.87383000e-01 2.57750000e-01 7.15137000e-02 2.59586000e-01
 -2.91177000e-02 9.56144000e-01 3.43039000e-02 -2.89419000e-01 2.57229000e-01 7.83509000e-02 2.59723000e-01
 -7.18965000e-02 9.57135000e-01 -1.23448000e-02 -2.80306000e-01 2.59573000e-01 1.15905000e-01 2.62091000e-01
 9.79708000e-04 9.57419000e-01 2.14300000e-02 -2.87903000e-01 2.57889000e-01 6.90924000e-02 2.59826000e-01
 1.02089000e-02 9.57062000e-01 1.30686000e-02 -2.89410000e-01 2.58882000e-01 6.38919000e-02 2.59547000e-01
 -8.01338000e-02 9.61997000e-01 -2.13573000e-02 -2.60162000e-01 2.61515000e-01 1.13710000e-01 2.64706000e-01
 2.25245000e-02 9.58365000e-01 -2.06057000e-02 -2.83908000e-01 2.58410000e-01 6.89200000e-02 2.59569000e-01
 -9.00566000e-02 9.62183000e-01 -2.10207000e-02 -2.56226000e-01 2.62606000e-01 1.13227000e-01 2.66302000e-01
 -2.11933000e-02 9.56640000e-01 1.77473000e-02 -2.89958000e-01 2.59049000e-01 7.58105000e-02 2.61161000e-01
 -7.17664000e-02 9.54619000e-01 7.97113000e-02 -2.77844000e-01 2.58437000e-01 9.43586000e-02 2.65589000e-01
 -2.33229000e-02 9.55419000e-01 2.36393000e-02 -2.93380000e-01 2.56732000e-01 8.14882000e-02 2.58812000e-01
 -7.02903000e-02 9.53976000e-01 8.32056000e-02 -2.79403000e-01 2.57575000e-01 9.29551000e-02 2.65773000e-01
 -2.66721000e-02 9.52508000e-01 2.60876000e-02 -3.02219000e-01 2.55483000e-01 9.76471000e-02 2.56919000e-01
 2.86464000e-02 9.58801000e-01 -2.69232000e-02 -2.81344000e-01 2.58837000e-01 6.81780000e-02 2.61824000e-01
 -2.31905000e-02 9.59131000e-01 -4.37940000e-03 -2.81975000e-01 2.58095000e-01 8.75361000e-02 2.59833000e-01
 -2.67912000e-02 9.58882000e-01 -3.35969000e-04 -2.82536000e-01 2.59945000e-01 9.07756000e-02 2.61543000e-01
 5.22791000e-02 9.60192000e-01 -3.21936000e-02 -2.72511000e-01 2.59612000e-01 6.26958000e-02 2.62338000e-01
 3.53497000e-02 9.59734000e-01 -2.05402000e-02 -2.77920000e-01 2.60080000e-01 7.05720000e-02 2.62696000e-01
 -1.21523000e-01 9.50619000e-01 2.37254000e-03 -2.85570000e-01 2.58208000e-01 1.40811000e-01 2.61448000e-01
 5.21009000e-02 9.59187000e-01 -5.34205000e-02 -2.72747000e-01 2.60112000e-01 6.35117000e-02 2.64172000e-01
 4.81085000e-02 9.58949000e-01 -5.19350000e-02 -2.74600000e-01 2.59713000e-01 6.61662000e-02 2.64930000e-01
 -7.72163000e-02 9.55611000e-01 -6.67022000e-03 -2.84254000e-01 2.59389000e-01 1.16875000e-01 2.61756000e-01
 -1.23521000e-01 9.49992000e-01 3.79808000e-03 -2.86782000e-01 2.59099000e-01 1.43861000e-01 2.62264000e-01
 7.33186000e-02 9.58048000e-01 -7.73106000e-02 -2.66066000e-01 2.60081000e-01 5.69646000e-02 2.67471000e-01
 -4.26439000e-02 9.60603000e-01 -6.11401000e-03 -2.74565000e-01 2.59490000e-01 9.41366000e-02 2.61484000e-01
 -1.29197000e-01 9.49632000e-01 3.67938000e-03 -2.85472000e-01 2.57816000e-01 1.44944000e-01 2.61692000e-01
 -6.26784000e-02 9.56159000e-01 -7.51143000e-03 -2.85963000e-01 2.59209000e-01 1.22631000e-01 2.61257000e-01
 -1.02073000e-01 9.52887000e-01 3.83879000e-03 -2.85609000e-01 2.58892000e-01 1.30353000e-01 2.61404000e-01
 -9.76765000e-02 9.51170000e-01 1.07416000e-01 -2.72391000e-01 2.57231000e-01 1.07071000e-01 2.69109000e-01
 -8.68170000e-02 9.63299000e-01 -1.93953000e-02 -2.53261000e-01 2.63986000e-01 1.14722000e-01 2.68178000e-01
 7.25664000e-02 9.54606000e-01 -8.89971000e-02 -2.74847000e-01 2.58115000e-01 5.55237000e-02 2.66496000e-01
 -1.05403000e-01 9.49549000e-01 1.14472000e-01 -2.72293000e-01 2.58256000e-01 1.11190000e-01 2.70933000e-01
 3.24706000e-02 9.59199000e-01 -1.62762000e-02 -2.80388000e-01 2.59283000e-01 6.52498000e-02 2.61108000e-01
 -1.31857000e-01 9.49010000e-01 1.19136000e-03 -2.86342000e-01 2.58146000e-01 1.44624000e-01 2.61320000e-01
 -7.73519000e-02 9.57242000e-01 -1.55263000e-02 -2.78323000e-01 2.60515000e-01 1.16033000e-01 2.62865000e-01
 -2.34698000e-02 9.57439000e-01 3.20679000e-02 -2.85886000e-01 2.58236000e-01 7.72405000e-02 2.60284000e-01
 -2.96802000e-02 9.59198000e-01 -1.26493000e-02 -2.80890000e-01 2.59101000e-01 9.32933000e-02 2.61131000e-01
 -6.99482000e-02 9.53446000e-01 8.47119000e-02 -2.80842000e-01 2.57804000e-01 9.31035000e-02 2.65788000e-01
 -1.21009000e-01 9.50740000e-01 2.61118000e-03 -2.85384000e-01 2.58585000e-01 1.40394000e-01 2.61238000e-01
 -7.53598000e-02 9.55751000e-01 -7.53973000e-03 -2.84259000e-01 2.59249000e-01 1.17707000e-01 2.61714000e-01
 -1.11033000e-01 9.52210000e-01 1.15772000e-01 -2.59930000e-01 2.59172000e-01 1.13694000e-01 2.72251000e-01
 -1.12472000e-01 9.52261000e-01 1.19467000e-01 -2.57442000e-01 2.58730000e-01 1.14539000e-01 2.73441000e-01
 -1.10788000e-01 9.52178000e-01 1.16037000e-01 -2.60035000e-01 2.59135000e-01 1.13325000e-01 2.72347000e-01
 1.25661000e-02 9.57612000e-01 1.89802000e-02 -2.87161000e-01 2.57707000e-01 6.94828000e-02 2.59499000e-01
 -6.65840000e-02 9.56858000e-01 -3.10577000e-03 -2.82807000e-01 2.59188000e-01 1.16600000e-01 2.61769000e-01
 -3.70536000e-03 9.59730000e-01 5.35743000e-03 -2.80850000e-01 2.58812000e-01 8.09867000e-02 2.60461000e-01
 -1.29778000e-01 9.44449000e-01 1.21013000e-01 -2.76640000e-01 2.56686000e-01 1.19493000e-01 2.71329000e-01
 -1.06167000e-01 9.52467000e-01 1.30337000e-01 -2.54063000e-01 2.59571000e-01 1.16337000e-01 2.74196000e-01
 -7.66266000e-02 9.56065000e-01 -6.07683000e-03 -2.82898000e-01 2.59326000e-01 1.17221000e-01 2.61391000e-01
 8.02862000e-02 9.58230000e-01 -7.62387000e-02 -2.63697000e-01 2.61656000e-01 5.48296000e-02 2.68750000e-01
 9.56772000e-02 9.46313000e-01 -1.36251000e-01 -2.77079000e-01 2.57385000e-01 5.20555000e-02 2.69762000e-01
 9.14766000e-02 9.45986000e-01 -1.37867000e-01 -2.78809000e-01 2.56028000e-01 5.52374000e-02 2.69652000e-01
 9.23926000e-02 9.46881000e-01 -1.39255000e-01 -2.74752000e-01 2.56702000e-01 5.28813000e-02 2.69706000e-01
 1.08833000e-01 9.60546000e-01 -6.89657000e-02 -2.46477000e-01 2.63707000e-01 4.54873000e-02 2.72061000e-01
 -6.28658000e-02 9.56813000e-01 -5.58446000e-03 -2.83771000e-01 2.58172000e-01 1.19778000e-01 2.60195000e-01
 -6.98996000e-02 9.57691000e-01 -1.21206000e-02 -2.78917000e-01 2.59433000e-01 1.12929000e-01 2.61263000e-01
 -8.42999000e-02 9.54922000e-01 -1.68967000e-03 -2.84631000e-01 2.58523000e-01 1.20196000e-01 2.61366000e-01
 1.26595000e-01 9.60612000e-01 -7.04952000e-02 -2.37127000e-01 2.63520000e-01 3.83054000e-02 2.73763000e-01
 -1.70681000e-02 9.56912000e-01 2.54165000e-02 -2.88758000e-01 2.59164000e-01 7.67196000e-02 2.59968000e-01
 1.05374000e-01 9.41585000e-01 -1.57756000e-01 -2.78256000e-01 2.54822000e-01 4.93577000e-02 2.71714000e-01
 1.26536000e-01 9.60858000e-01 -7.03798000e-02 -2.36195000e-01 2.63949000e-01 3.91068000e-02 2.73871000e-01
 1.22351000e-01 9.59742000e-01 -6.75770000e-02 -2.43635000e-01 2.63369000e-01 4.13852000e-02 2.73671000e-01
 1.08605000e-01 9.40546000e-01 -1.66240000e-01 -2.75576000e-01 2.54548000e-01 4.83840000e-02 2.71605000e-01
 -8.44246000e-02 9.59891000e-01 2.59724000e-03 -2.67349000e-01 2.60790000e-01 1.27914000e-01 2.64540000e-01
 1.26273000e-01 9.60462000e-01 -6.93221000e-02 -2.38247000e-01 2.63057000e-01 3.99991000e-02 2.74537000e-01
 -6.45945000e-02 9.57329000e-01 -4.79396000e-03 -2.81648000e-01 2.59807000e-01 1.17846000e-01 2.61528000e-01
 1.20088000e-01 9.61673000e-01 -7.25124000e-02 -2.35596000e-01 2.63368000e-01 4.62252000e-02 2.74327000e-01
 1.20942000e-01 9.37583000e-01 -1.73360000e-01 -2.76149000e-01 2.54270000e-01 4.61785000e-02 2.73840000e-01
 -6.89903000e-02 9.55865000e-01 -2.46950000e-03 -2.85581000e-01 2.58422000e-01 1.13128000e-01 2.60341000e-01
 -1.74342000e-01 9.45733000e-01 1.95583000e-03 -2.74210000e-01 2.60267000e-01 1.56893000e-01 2.65388000e-01
 -1.75871000e-01 9.44905000e-01 3.21044000e-03 -2.76068000e-01 2.59817000e-01 1.55710000e-01 2.64853000e-01
 -1.05948000e-01 9.51788000e-01 1.16397000e-01 -2.63301000e-01 2.59122000e-01 1.11083000e-01 2.71375000e-01
 -1.79811000e-01 9.44231000e-01 6.83220000e-03 -2.75770000e-01 2.60211000e-01 1.56792000e-01 2.65690000e-01
 -1.81149000e-01 9.44786000e-01 7.53972000e-03 -2.72962000e-01 2.60691000e-01 1.57544000e-01 2.65442000e-01
 1.19753000e-01 9.37360000e-01 -1.72943000e-01 -2.77680000e-01 2.53313000e-01 4.75585000e-02 2.73214000e-01
 1.27048000e-01 9.60255000e-01 -7.05142000e-02 -2.38320000e-01 2.63196000e-01 3.84590000e-02 2.74074000e-01
