 2.80946000e-01 6.91896000e-01 1.30522000e-01 6.52161000e-01 -3.46871000e-01 1.03971000e+00 -1.33042000e-01
 2.76425000e-01 6.95621000e-01 1.22906000e-01 6.51610000e-01 -3.48021000e-01 1.03705000e+00 -1.33963000e-01
 2.79866000e-01 6.97246000e-01 1.33093000e-01 6.46381000e-01 -3.42321000e-01 1.04884000e+00 -1.33190000e-01
 2.79881000e-01 6.97945000e-01 1.30387000e-01 6.46172000e-01 -3.40749000e-01 1.05322000e+00 -1.31295000e-01
 2.71120000e-01 6.94439000e-01 1.52685000e-01 6.48796000e-01 -3.39931000e-01 1.04115000e+00 -1.40125000e-01
 2.66325000e-01 6.99641000e-01 1.57911000e-01 6.43924000e-01 -3.36913000e-01 1.03962000e+00 -1.41903000e-01
 2.70335000e-01 6.98571000e-01 1.57110000e-01 6.43610000e-01 -3.47581000e-01 1.03731000e+00 -1.41283000e-01
 2.66136000e-01 7.00139000e-01 1.60991000e-01 6.42696000e-01 -3.35599000e-01 1.03881000e+00 -1.41415000e-01
 2.90818000e-01 6.80368000e-01 9.79666000e-02 6.65527000e-01 -3.39005000e-01 1.03390000e+00 -1.37239000e-01
 2.89755000e-01 6.79229000e-01 9.39515000e-02 6.67730000e-01 -3.38645000e-01 1.03387000e+00 -1.37398000e-01
 2.99437000e-01 6.85006000e-01 1.03621000e-01 6.56024000e-01 -3.42469000e-01 1.02971000e+00 -1.36594000e-01
 2.60297000e-01 7.04418000e-01 1.69280000e-01 6.38268000e-01 -3.31885000e-01 1.03455000e+00 -1.46153000e-01
 2.58507000e-01 7.03570000e-01 1.68712000e-01 6.40078000e-01 -3.33407000e-01 1.03444000e+00 -1.45244000e-01
 2.83961000e-01 6.98181000e-01 1.16292000e-01 6.46827000e-01 -3.35610000e-01 1.06002000e+00 -1.31909000e-01
 2.66647000e-01 6.99205000e-01 1.57449000e-01 6.44377000e-01 -3.37422000e-01 1.03980000e+00 -1.43112000e-01
 2.62150000e-01 7.05413000e-01 1.70548000e-01 6.36069000e-01 -3.29215000e-01 1.03344000e+00 -1.45835000e-01
 2.72348000e-01 7.03575000e-01 1.16577000e-01 6.45924000e-01 -3.51036000e-01 1.03492000e+00 -1.32346000e-01
 2.93872000e-01 6.84271000e-01 1.05450000e-01 6.59009000e-01 -3.42151000e-01 1.03322000e+00 -1.35997000e-01
 2.74099000e-01 6.95119000e-01 1.83963000e-01 6.38621000e-01 -3.60921000e-01 1.03372000e+00 -1.42019000e-01
 2.80253000e-01 7.03608000e-01 1.04644000e-01 6.44550000e-01 -3.30214000e-01 1.06556000e+00 -1.32151000e-01
 2.80194000e-01 7.04504000e-01 1.03688000e-01 6.43750000e-01 -3.30190000e-01 1.06577000e+00 -1.31516000e-01
 2.85374000e-01 7.01092000e-01 1.07092000e-01 6.44642000e-01 -3.28816000e-01 1.06506000e+00 -1.33535000e-01
 3.07368000e-01 6.83878000e-01 9.92277000e-02 6.54209000e-01 -3.41055000e-01 1.02759000e+00 -1.35018000e-01
 2.83739000e-01 7.09363000e-01 9.44102000e-02 6.38265000e-01 -3.24040000e-01 1.06698000e+00 -1.38196000e-01
 3.14933000e-01 6.84198000e-01 1.00438000e-01 6.50079000e-01 -3.40013000e-01 1.02850000e+00 -1.38270000e-01
 2.83183000e-01 7.07762000e-01 9.70037000e-02 6.39899000e-01 -3.25709000e-01 1.06544000e+00 -1.35984000e-01
 2.91575000e-01 6.75680000e-01 8.75380000e-02 6.71400000e-01 -3.36616000e-01 1.03330000e+00 -1.35701000e-01
 2.82209000e-01 7.16818000e-01 8.63093000e-02 6.31728000e-01 -3.21179000e-01 1.07041000e+00 -1.38852000e-01
 2.73564000e-01 6.94246000e-01 1.64508000e-01 6.45076000e-01 -3.52048000e-01 1.03752000e+00 -1.43146000e-01
 2.82023000e-01 7.02303000e-01 1.04250000e-01 6.45264000e-01 -3.29202000e-01 1.06416000e+00 -1.34319000e-01
 2.70233000e-01 7.07709000e-01 1.14244000e-01 6.42705000e-01 -3.53312000e-01 1.03228000e+00 -1.33776000e-01
 2.88749000e-01 7.11568000e-01 7.74221000e-02 6.35846000e-01 -3.11391000e-01 1.08131000e+00 -1.42128000e-01
 2.71580000e-01 7.09555000e-01 2.11034000e-01 6.15013000e-01 -3.72533000e-01 1.02663000e+00 -1.48387000e-01
 2.90400000e-01 6.81149000e-01 1.00797000e-01 6.64487000e-01 -3.40693000e-01 1.03282000e+00 -1.37037000e-01
 2.67666000e-01 7.11794000e-01 2.11247000e-01 6.14067000e-01 -3.73979000e-01 1.02670000e+00 -1.48621000e-01
 2.69305000e-01 7.11066000e-01 2.14202000e-01 6.13171000e-01 -3.72864000e-01 1.02771000e+00 -1.49770000e-01
 2.89070000e-01 7.06811000e-01 5.78371000e-02 6.43049000e-01 -3.04246000e-01 1.09159000e+00 -1.44056000e-01
 2.87347000e-01 7.05965000e-01 5.64755000e-02 6.44869000e-01 -3.04084000e-01 1.09237000e+00 -1.45516000e-01
 2.86314000e-01 7.38403000e-01 8.24345000e-02 6.04971000e-01 -3.10573000e-01 1.07563000e+00 -1.40133000e-01
 2.79395000e-01 6.97622000e-01 1.30748000e-01 6.46658000e-01 -3.41356000e-01 1.05288000e+00 -1.30589000e-01
 3.43754000e-01 6.71466000e-01 9.72255000e-02 6.49241000e-01 -3.34623000e-01 1.02237000e+00 -1.34160000e-01
 2.86797000e-01 7.08134000e-01 6.13694000e-02 6.42284000e-01 -3.04850000e-01 1.09256000e+00 -1.40212000e-01
 3.23028000e-01 6.81069000e-01 1.00586000e-01 6.49369000e-01 -3.37905000e-01 1.02805000e+00 -1.37763000e-01
 2.49264000e-01 7.16164000e-01 2.33001000e-01 6.08841000e-01 -3.80903000e-01 1.02859000e+00 -1.51060000e-01
 2.48956000e-01 7.16511000e-01 2.34452000e-01 6.08001000e-01 -3.81648000e-01 1.02807000e+00 -1.50415000e-01
 2.80019000e-01 7.07871000e-01 6.23723000e-02 6.45460000e-01 -3.01464000e-01 1.09571000e+00 -1.39235000e-01
 2.48269000e-01 7.16214000e-01 2.38739000e-01 6.06962000e-01 -3.82750000e-01 1.02641000e+00 -1.50762000e-01
 2.82103000e-01 6.86797000e-01 1.40799000e-01 6.54908000e-01 -3.46833000e-01 1.04794000e+00 -1.34809000e-01
 2.88183000e-01 7.06239000e-01 5.62036000e-02 6.44219000e-01 -3.03085000e-01 1.09154000e+00 -1.44986000e-01
 2.64609000e-01 6.98841000e-01 1.82305000e-01 6.39036000e-01 -3.30782000e-01 1.04418000e+00 -1.39057000e-01
 2.48384000e-01 7.15657000e-01 2.40689000e-01 6.06802000e-01 -3.82697000e-01 1.02663000e+00 -1.51254000e-01
 2.84968000e-01 7.48399000e-01 7.65813000e-02 5.93993000e-01 -3.11643000e-01 1.07813000e+00 -1.42176000e-01
 2.90834000e-01 6.84408000e-01 1.09661000e-01 6.59527000e-01 -3.42668000e-01 1.03265000e+00 -1.36286000e-01
 2.52101000e-01 7.14068000e-01 2.74397000e-01 5.92671000e-01 -3.88759000e-01 1.02223000e+00 -1.50348000e-01
 2.83260000e-01 7.49730000e-01 7.51949000e-02 5.93307000e-01 -3.12817000e-01 1.07744000e+00 -1.41055000e-01
 2.57064000e-01 7.11646000e-01 2.83728000e-01 5.89046000e-01 -3.89590000e-01 1.01807000e+00 -1.51015000e-01
 2.26185000e-01 6.82046000e-01 1.35423000e-01 6.82139000e-01 -3.54580000e-01 1.06111000e+00 -1.51444000e-01
 2.87427000e-01 7.16898000e-01 8.48163000e-02 6.29484000e-01 -3.14932000e-01 1.07650000e+00 -1.41304000e-01
 2.31033000e-01 7.30145000e-01 2.59814000e-01 5.88225000e-01 -3.90949000e-01 1.03032000e+00 -1.56756000e-01
 2.75309000e-01 6.96105000e-01 1.45490000e-01 6.46897000e-01 -3.42940000e-01 1.04162000e+00 -1.38000000e-01
 2.90086000e-01 7.66995000e-01 4.78191000e-02 5.70336000e-01 -3.12977000e-01 1.08134000e+00 -1.47901000e-01
 2.87634000e-01 7.03633000e-01 3.74360000e-02 6.48665000e-01 -3.01282000e-01 1.09439000e+00 -1.46478000e-01
 2.64952000e-01 6.97884000e-01 1.57782000e-01 6.46424000e-01 -3.37333000e-01 1.04076000e+00 -1.40143000e-01
 2.28766000e-01 7.24857000e-01 2.93256000e-01 5.79869000e-01 -3.99793000e-01 1.01705000e+00 -1.43023000e-01
 3.62629000e-01 6.57090000e-01 9.37778000e-02 6.54170000e-01 -3.29753000e-01 1.01801000e+00 -1.34448000e-01
 2.55573000e-01 7.05499000e-01 2.92561000e-01 5.92758000e-01 -3.91061000e-01 1.01807000e+00 -1.55284000e-01
 2.12911000e-01 6.77593000e-01 1.37397000e-01 6.90404000e-01 -3.55637000e-01 1.06494000e+00 -1.49337000e-01
 3.27333000e-01 6.80471000e-01 9.73048000e-02 6.48340000e-01 -3.38353000e-01 1.02532000e+00 -1.36526000e-01
 3.01017000e-01 7.83330000e-01 2.38631000e-02 5.43335000e-01 -3.14586000e-01 1.08913000e+00 -1.44002000e-01
 2.24597000e-01 7.33214000e-01 2.61246000e-01 5.86263000e-01 -3.92969000e-01 1.03252000e+00 -1.59861000e-01
 2.24241000e-01 7.29837000e-01 3.03434000e-01 5.70072000e-01 -4.01501000e-01 1.01540000e+00 -1.43078000e-01
 2.89275000e-01 7.10778000e-01 7.15641000e-02 6.37175000e-01 -3.07119000e-01 1.08620000e+00 -1.41685000e-01
 2.22299000e-01 7.31487000e-01 3.05533000e-01 5.67591000e-01 -4.02004000e-01 1.01562000e+00 -1.42876000e-01
 3.03891000e-01 7.86304000e-01 1.86031000e-02 5.37615000e-01 -3.13103000e-01 1.08953000e+00 -1.43436000e-01
 2.61638000e-01 6.94394000e-01 3.23522000e-01 5.87108000e-01 -3.90490000e-01 1.02042000e+00 -1.65741000e-01
 2.54843000e-01 6.90378000e-01 3.16904000e-01 5.98335000e-01 -3.91595000e-01 1.01259000e+00 -1.53300000e-01
 3.12795000e-01 7.96442000e-01 -6.52813000e-03 5.17490000e-01 -3.14646000e-01 1.09648000e+00 -1.44863000e-01
 2.64724000e-01 6.93514000e-01 3.26728000e-01 5.84986000e-01 -3.90883000e-01 1.02001000e+00 -1.70086000e-01
 2.65409000e-01 6.91337000e-01 3.32986000e-01 5.83721000e-01 -3.90536000e-01 1.02049000e+00 -1.72768000e-01
 3.17511000e-01 8.02386000e-01 -1.18862000e-02 5.05194000e-01 -3.16021000e-01 1.09650000e+00 -1.48445000e-01
 2.69363000e-01 6.90277000e-01 3.42821000e-01 5.77438000e-01 -3.92230000e-01 1.01992000e+00 -1.78766000e-01
 2.47074000e-01 7.17068000e-01 2.46736000e-01 6.03233000e-01 -3.82519000e-01 1.02910000e+00 -1.51914000e-01
 2.66961000e-01 6.76721000e-01 3.53885000e-01 5.87832000e-01 -3.95484000e-01 1.02354000e+00 -1.77757000e-01
 2.54946000e-01 6.86112000e-01 3.22478000e-01 6.00217000e-01 -3.92329000e-01 1.01028000e+00 -1.51618000e-01
 3.19466000e-01 8.05247000e-01 -1.50197000e-02 4.99293000e-01 -3.15534000e-01 1.09547000e+00 -1.51609000e-01
 3.13091000e-01 8.02054000e-01 -2.62682000e-02 5.07931000e-01 -3.20426000e-01 1.09957000e+00 -1.40517000e-01
 2.89371000e-01 7.10296000e-01 7.90975000e-02 6.36779000e-01 -3.10561000e-01 1.08133000e+00 -1.42285000e-01
 2.70796000e-01 6.51718000e-01 3.86684000e-01 5.93640000e-01 -4.02012000e-01 1.02907000e+00 -1.85264000e-01
 1.74584000e-01 6.63709000e-01 1.42090000e-01 7.13317000e-01 -3.59873000e-01 1.07500000e+00 -1.45988000e-01
 2.58451000e-01 7.14407000e-01 2.21038000e-01 6.11528000e-01 -3.75468000e-01 1.02937000e+00 -1.49747000e-01
 2.70355000e-01 6.49941000e-01 3.89748000e-01 5.93786000e-01 -4.02343000e-01 1.02913000e+00 -1.84286000e-01
 2.71825000e-01 7.06989000e-01 1.14791000e-01 6.42729000e-01 -3.51052000e-01 1.03187000e+00 -1.34025000e-01
 2.66118000e-01 6.71877000e-01 3.61126000e-01 5.89365000e-01 -3.98235000e-01 1.02511000e+00 -1.77955000e-01
 2.83155000e-01 7.37953000e-01 8.39089000e-02 6.06802000e-01 -3.11438000e-01 1.07574000e+00 -1.40462000e-01
 1.60941000e-01 6.50377000e-01 1.50499000e-01 7.26951000e-01 -3.60299000e-01 1.08159000e+00 -1.42402000e-01
 1.52855000e-01 6.49473000e-01 1.52683000e-01 7.29046000e-01 -3.59775000e-01 1.08380000e+00 -1.41016000e-01
 3.18378000e-01 8.07663000e-01 -1.94007000e-02 4.95923000e-01 -3.16713000e-01 1.09501000e+00 -1.55237000e-01
 2.82866000e-01 7.16627000e-01 8.86546000e-02 6.31326000e-01 -3.21599000e-01 1.06915000e+00 -1.37913000e-01
 2.81355000e-01 7.04687000e-01 1.01964000e-01 6.43319000e-01 -3.28833000e-01 1.06376000e+00 -1.35916000e-01
 2.87018000e-01 7.07855000e-01 6.57074000e-02 6.42063000e-01 -3.06684000e-01 1.08668000e+00 -1.42973000e-01
 2.86119000e-01 7.67460000e-01 5.48234000e-02 5.71082000e-01 -3.10992000e-01 1.07777000e+00 -1.44974000e-01
 2.83772000e-01 6.94043000e-01 1.61842000e-02 6.61450000e-01 -2.93392000e-01 1.09655000e+00 -1.50695000e-01
 1.40479000e-01 6.45490000e-01 1.53689000e-01 7.34839000e-01 -3.63158000e-01 1.08804000e+00 -1.42685000e-01
 1.32074000e-01 6.48058000e-01 1.55874000e-01 7.33676000e-01 -3.60548000e-01 1.08922000e+00 -1.43782000e-01
 2.37423000e-01 6.84673000e-01 1.36318000e-01 6.75478000e-01 -3.52293000e-01 1.06001000e+00 -1.49647000e-01
 3.19924000e-01 8.07626000e-01 -1.74106000e-02 4.95061000e-01 -3.17720000e-01 1.09627000e+00 -1.55012000e-01
 2.73599000e-01 6.27382000e-01 4.20953000e-01 5.95260000e-01 -4.06286000e-01 1.02082000e+00 -1.84087000e-01
 1.25929000e-01 6.47459000e-01 1.57874000e-01 7.34856000e-01 -3.59774000e-01 1.09138000e+00 -1.43175000e-01
 1.77354000e-01 7.66863000e-01 3.32084000e-01 5.19796000e-01 -4.21092000e-01 1.01679000e+00 -1.39367000e-01
 1.74792000e-01 7.69393000e-01 3.34870000e-01 5.15115000e-01 -4.21904000e-01 1.01748000e+00 -1.40062000e-01
 2.70336000e-01 6.23069000e-01 4.29616000e-01 5.95091000e-01 -4.04367000e-01 1.01826000e+00 -1.87014000e-01
 1.12048000e-01 6.42361000e-01 1.61604000e-01 7.40744000e-01 -3.59888000e-01 1.09568000e+00 -1.38331000e-01
 9.46169000e-02 6.27204000e-01 1.71866000e-01 7.53741000e-01 -3.58928000e-01 1.10088000e+00 -1.36434000e-01
 2.74103000e-01 6.16208000e-01 4.32365000e-01 5.98512000e-01 -4.07666000e-01 1.01865000e+00 -1.81214000e-01
 2.62212000e-01 6.80588000e-01 1.17218000e-01 6.74021000e-01 -3.51769000e-01 1.03014000e+00 -1.21589000e-01
 2.87804000e-01 6.87358000e-01 1.01144000e-02 6.66787000e-01 -2.91076000e-01 1.09845000e+00 -1.51961000e-01
 3.26955000e-01 8.16639000e-01 -3.84105000e-02 4.74052000e-01 -3.14539000e-01 1.08771000e+00 -1.58771000e-01
 2.87716000e-01 7.74638000e-01 3.55547000e-02 5.62042000e-01 -3.14665000e-01 1.08630000e+00 -1.47278000e-01
 6.53620000e-02 6.20369000e-01 1.77206000e-01 7.61228000e-01 -3.55538000e-01 1.10056000e+00 -1.34902000e-01
 2.91759000e-01 7.84098000e-01 1.35161000e-02 5.47617000e-01 -3.12173000e-01 1.08363000e+00 -1.51581000e-01
 3.36815000e-01 8.19608000e-01 -4.37840000e-02 4.61391000e-01 -3.13816000e-01 1.08636000e+00 -1.56629000e-01
 2.89688000e-01 7.70704000e-01 4.20479000e-02 5.65975000e-01 -3.12187000e-01 1.08355000e+00 -1.48017000e-01
 3.11030000e-01 8.03061000e-01 -2.93550000e-02 5.07435000e-01 -3.20353000e-01 1.09998000e+00 -1.39897000e-01
 3.41892000e-01 8.21774000e-01 -4.35093000e-02 4.53767000e-01 -3.14244000e-01 1.08754000e+00 -1.58616000e-01
 1.49727000e-01 7.85133000e-01 3.50712000e-01 4.88005000e-01 -4.34703000e-01 1.02574000e+00 -1.31733000e-01
 1.47266000e-01 7.85012000e-01 3.55923000e-01 4.85167000e-01 -4.29227000e-01 1.01594000e+00 -1.32293000e-01
 2.83037000e-01 6.86969000e-01 1.39786000e-01 6.54541000e-01 -3.45502000e-01 1.04831000e+00 -1.34879000e-01
 7.79305000e-02 6.14976000e-01 1.71241000e-01 7.65773000e-01 -3.63080000e-01 1.10675000e+00 -1.42707000e-01
 1.45605000e-01 7.85620000e-01 3.61419000e-01 4.80600000e-01 -4.29335000e-01 1.01332000e+00 -1.28045000e-01
 3.62272000e-02 5.86985000e-01 1.73042000e-01 7.90059000e-01 -3.56362000e-01 1.11165000e+00 -1.23772000e-01
 3.41860000e-01 8.28691000e-01 -6.60023000e-02 4.38232000e-01 -3.12447000e-01 1.08044000e+00 -1.49190000e-01
 2.83898000e-01 6.92863000e-01 1.39678000e-02 6.62682000e-01 -2.92672000e-01 1.09694000e+00 -1.51628000e-01
 1.41892000e-01 7.86222000e-01 3.60969000e-01 4.81064000e-01 -4.29313000e-01 1.01295000e+00 -1.30576000e-01
 3.41289000e-01 8.31208000e-01 -6.56021000e-02 4.33949000e-01 -3.09454000e-01 1.07789000e+00 -1.49914000e-01
 1.44130000e-01 7.90866000e-01 3.58853000e-01 4.74322000e-01 -4.38487000e-01 1.03155000e+00 -1.27504000e-01
 2.87562000e-01 7.08959000e-01 7.07250000e-02 6.40065000e-01 -3.09810000e-01 1.08337000e+00 -1.42569000e-01
 2.47864000e-02 5.73993000e-01 1.79918000e-01 7.98465000e-01 -3.51745000e-01 1.11340000e+00 -1.25245000e-01
 2.70918000e-01 6.06002000e-01 4.55537000e-01 5.93171000e-01 -3.95369000e-01 1.00932000e+00 -1.80872000e-01
 3.39020000e-01 8.35459000e-01 -6.66843000e-02 4.27348000e-01 -3.06178000e-01 1.07511000e+00 -1.49587000e-01
 2.46048000e-01 6.84900000e-01 1.32859000e-01 6.72845000e-01 -3.50803000e-01 1.05657000e+00 -1.49205000e-01
 1.20802000e-02 5.63613000e-01 1.60942000e-01 8.10118000e-01 -3.57185000e-01 1.11459000e+00 -1.13853000e-01
 2.70774000e-01 6.04193000e-01 4.57752000e-01 5.93376000e-01 -3.94914000e-01 1.00801000e+00 -1.80393000e-01
 3.35961000e-01 6.81070000e-01 9.74856000e-02 6.43250000e-01 -3.37968000e-01 1.02201000e+00 -1.32861000e-01
 2.70732000e-01 6.09059000e-01 4.50199000e-01 5.94198000e-01 -4.07807000e-01 1.01502000e+00 -1.98892000e-01
 3.16997000e-01 8.07272000e-01 -1.62525000e-02 4.97554000e-01 -3.16069000e-01 1.09476000e+00 -1.53784000e-01
 1.23766000e-01 8.01810000e-01 3.53191000e-01 4.65875000e-01 -4.41567000e-01 1.03323000e+00 -1.29300000e-01
 1.72084000e-02 5.74727000e-01 1.74880000e-01 7.99255000e-01 -3.58663000e-01 1.11465000e+00 -1.30474000e-01
 -8.30075000e-03 5.43763000e-01 1.48201000e-01 8.26008000e-01 -3.55541000e-01 1.11221000e+00 -1.11448000e-01
 3.41258000e-01 8.32839000e-01 -9.72279000e-02 4.24817000e-01 -3.19653000e-01 1.07968000e+00 -1.47413000e-01
 3.40174000e-01 8.36326000e-01 -1.04922000e-01 4.16930000e-01 -3.19022000e-01 1.08353000e+00 -1.45966000e-01
 2.76652000e-01 5.93559000e-01 4.77137000e-01 5.86082000e-01 -3.88383000e-01 1.00550000e+00 -1.79821000e-01
 3.35739000e-01 8.38000000e-01 -1.14024000e-01 4.14769000e-01 -3.19053000e-01 1.08500000e+00 -1.47867000e-01
 1.05193000e-01 8.09579000e-01 3.60062000e-01 4.51522000e-01 -4.42999000e-01 1.03532000e+00 -1.28971000e-01
 2.54343000e-01 6.94513000e-01 3.12612000e-01 5.96016000e-01 -3.91424000e-01 1.01511000e+00 -1.53404000e-01
 2.72650000e-01 6.93986000e-01 1.50014000e-01 6.49262000e-01 -3.42076000e-01 1.04185000e+00 -1.38753000e-01
 -1.79564000e-02 5.29323000e-01 1.37477000e-01 8.37016000e-01 -3.63419000e-01 1.11217000e+00 -1.07477000e-01
 1.01392000e-01 8.12248000e-01 3.65760000e-01 4.42937000e-01 -4.43918000e-01 1.03712000e+00 -1.28218000e-01
 -9.37517000e-03 5.62180000e-01 1.62031000e-01 8.10933000e-01 -3.55965000e-01 1.11916000e+00 -1.05323000e-01
 3.48847000e-01 8.23535000e-01 -5.33143000e-02 4.44133000e-01 -3.15154000e-01 1.08171000e+00 -1.55563000e-01
 -2.52903000e-02 5.24619000e-01 1.39229000e-01 8.39494000e-01 -3.67168000e-01 1.10805000e+00 -1.08372000e-01
 3.28839000e-01 8.38574000e-01 -1.31917000e-01 4.13830000e-01 -3.19860000e-01 1.08996000e+00 -1.48419000e-01
 9.84706000e-02 8.13518000e-01 3.75883000e-01 4.32671000e-01 -4.46349000e-01 1.03669000e+00 -1.26347000e-01
 9.96347000e-02 8.14501000e-01 3.80313000e-01 4.26641000e-01 -4.47414000e-01 1.03582000e+00 -1.24640000e-01
 -1.48165000e-02 5.20046000e-01 1.30283000e-01 8.44014000e-01 -3.62861000e-01 1.11522000e+00 -1.03564000e-01
 6.63345000e-02 6.20020000e-01 1.77772000e-01 7.61297000e-01 -3.55933000e-01 1.09977000e+00 -1.35094000e-01
 -4.20216000e-02 5.07393000e-01 1.37870000e-01 8.49576000e-01 -3.73596000e-01 1.11558000e+00 -1.10311000e-01
 -4.12076000e-02 5.10210000e-01 1.41593000e-01 8.47313000e-01 -3.63266000e-01 1.11410000e+00 -1.10642000e-01
 2.81320000e-01 5.87932000e-01 4.92077000e-01 5.77110000e-01 -3.82346000e-01 1.00343000e+00 -1.77387000e-01
 1.64974000e-01 6.55438000e-01 1.47530000e-01 7.22094000e-01 -3.59075000e-01 1.07965000e+00 -1.44456000e-01
 2.80473000e-01 6.94923000e-01 1.29211000e-01 6.49401000e-01 -3.44554000e-01 1.04500000e+00 -1.33502000e-01
 -5.35381000e-02 4.94662000e-01 1.41560000e-01 8.55806000e-01 -3.78330000e-01 1.11556000e+00 -1.09647000e-01
 1.05140000e-01 8.09123000e-01 3.63721000e-01 4.49414000e-01 -4.43228000e-01 1.03666000e+00 -1.28184000e-01
 2.79392000e-01 6.89305000e-01 1.33870000e-01 6.54888000e-01 -3.47887000e-01 1.04896000e+00 -1.36631000e-01
 3.25511000e-01 8.40514000e-01 -1.53445000e-01 4.05011000e-01 -3.19290000e-01 1.09187000e+00 -1.45795000e-01
 -1.18157000e-02 5.61481000e-01 1.66847000e-01 8.10408000e-01 -3.54814000e-01 1.11950000e+00 -1.02932000e-01
 2.91042000e-01 6.96726000e-01 3.72089000e-01 5.39831000e-01 -3.85275000e-01 1.00563000e+00 -1.81476000e-01
 3.61487000e-01 8.41239000e-01 -1.29499000e-01 3.80624000e-01 -3.17929000e-01 1.08208000e+00 -1.41724000e-01
 2.92546000e-01 6.97151000e-01 3.72916000e-01 5.37895000e-01 -3.85092000e-01 1.00548000e+00 -1.81765000e-01
 2.84747000e-01 5.69310000e-01 4.94587000e-01 5.91768000e-01 -3.93827000e-01 1.00013000e+00 -1.77215000e-01
 6.77475000e-02 8.29133000e-01 3.95772000e-01 3.88989000e-01 -4.56211000e-01 1.04654000e+00 -1.26555000e-01
 8.21072000e-02 6.25094000e-01 1.73254000e-01 7.56637000e-01 -3.59953000e-01 1.10262000e+00 -1.39530000e-01
 6.68376000e-02 8.29346000e-01 3.97462000e-01 3.86965000e-01 -4.55987000e-01 1.04776000e+00 -1.27223000e-01
 6.48989000e-02 8.30378000e-01 3.95702000e-01 3.86884000e-01 -4.56437000e-01 1.04817000e+00 -1.27431000e-01
 -8.03876000e-02 4.57159000e-01 1.09327000e-01 8.78972000e-01 -3.85565000e-01 1.11285000e+00 -9.61167000e-02
 6.29184000e-02 8.31688000e-01 3.99542000e-01 3.80399000e-01 -4.56312000e-01 1.04704000e+00 -1.31465000e-01
 -8.07787000e-02 4.55581000e-01 1.07607000e-01 8.79967000e-01 -3.86187000e-01 1.11228000e+00 -9.59444000e-02
 2.19811000e-01 6.79639000e-01 1.34071000e-01 6.86876000e-01 -3.54130000e-01 1.06404000e+00 -1.50204000e-01
 6.64692000e-02 8.31666000e-01 4.01495000e-01 3.77776000e-01 -4.59629000e-01 1.04921000e+00 -1.28956000e-01
 3.76594000e-01 8.38842000e-01 -1.39028000e-01 3.67686000e-01 -3.14530000e-01 1.07842000e+00 -1.44158000e-01
 -5.22657000e-02 4.58147000e-01 9.92346000e-02 8.81772000e-01 -3.85248000e-01 1.12450000e+00 -9.71913000e-02
 -9.33332000e-02 4.53435000e-01 1.26727000e-01 8.77284000e-01 -3.91779000e-01 1.12598000e+00 -9.89148000e-02
 3.83786000e-01 6.36107000e-01 9.04457000e-02 6.63246000e-01 -3.20919000e-01 1.01507000e+00 -1.36294000e-01
 4.50509000e-02 8.29318000e-01 3.98125000e-01 3.89486000e-01 -4.52184000e-01 1.02285000e+00 -1.13082000e-01
 -1.00349000e-01 4.49486000e-01 1.26676000e-01 8.78547000e-01 -3.94227000e-01 1.12613000e+00 -9.87983000e-02
 4.24670000e-02 8.30502000e-01 3.99244000e-01 3.86093000e-01 -4.53271000e-01 1.02177000e+00 -1.12009000e-01
 2.77454000e-01 6.91017000e-01 3.51155000e-01 5.67631000e-01 -3.92568000e-01 1.01533000e+00 -1.80762000e-01
 -5.09892000e-02 4.58168000e-01 1.01541000e-01 8.81574000e-01 -3.85316000e-01 1.12482000e+00 -9.60928000e-02
 2.22119000e-01 7.38151000e-01 3.11988000e-01 5.55391000e-01 -4.07359000e-01 1.01765000e+00 -1.43072000e-01
 5.75618000e-02 8.31960000e-01 4.06951000e-01 3.72719000e-01 -4.63606000e-01 1.05417000e+00 -1.29007000e-01
 -8.86550000e-02 4.44285000e-01 1.02062000e-01 8.85627000e-01 -3.88348000e-01 1.10610000e+00 -8.79113000e-02
 3.93924000e-01 8.37312000e-01 -1.54249000e-01 3.46322000e-01 -3.12483000e-01 1.07445000e+00 -1.40258000e-01
 3.96049000e-01 8.36264000e-01 -1.54895000e-01 3.46144000e-01 -3.12177000e-01 1.07457000e+00 -1.39465000e-01
 3.97607000e-01 8.36268000e-01 -1.54681000e-01 3.44439000e-01 -3.12529000e-01 1.07389000e+00 -1.39809000e-01
 3.99028000e-01 8.37576000e-01 -1.62549000e-01 3.35888000e-01 -3.14834000e-01 1.07219000e+00 -1.39241000e-01
 4.00069000e-01 8.35519000e-01 -1.61886000e-01 3.40067000e-01 -3.16114000e-01 1.07145000e+00 -1.39768000e-01
 4.00354000e-01 8.37881000e-01 -1.64445000e-01 3.32612000e-01 -3.13430000e-01 1.07129000e+00 -1.40894000e-01
 2.69929000e-01 6.07889000e-01 4.49996000e-01 5.95914000e-01 -4.08869000e-01 1.01413000e+00 -1.99712000e-01
 2.75717000e-01 6.92766000e-01 1.92824000e-01 6.37867000e-01 -3.63561000e-01 1.03396000e+00 -1.41481000e-01
 1.80399000e-01 7.62932000e-01 3.25810000e-01 5.28430000e-01 -4.17908000e-01 1.01959000e+00 -1.38718000e-01
 3.48691000e-01 6.66028000e-01 9.72692000e-02 6.52196000e-01 -3.31536000e-01 1.02284000e+00 -1.35092000e-01
 -1.12307000e-01 4.29335000e-01 9.67966000e-02 8.90892000e-01 -3.83004000e-01 1.09699000e+00 -8.15096000e-02
 -1.13887000e-01 4.28760000e-01 9.69309000e-02 8.90954000e-01 -3.82992000e-01 1.09633000e+00 -8.10494000e-02
 2.38391000e-02 8.38128000e-01 4.02836000e-01 3.67011000e-01 -4.58467000e-01 1.01165000e+00 -1.05579000e-01
 3.69692000e-01 8.39414000e-01 -1.32184000e-01 3.75818000e-01 -3.17854000e-01 1.08128000e+00 -1.43460000e-01
 -1.29491000e-01 4.19738000e-01 8.55507000e-02 8.94278000e-01 -3.80143000e-01 1.09100000e+00 -7.32529000e-02
 -5.26199000e-02 4.96167000e-01 1.34100000e-01 8.56193000e-01 -3.78424000e-01 1.11266000e+00 -1.08059000e-01
 4.08894000e-01 8.37202000e-01 -1.71428000e-01 3.20173000e-01 -3.15090000e-01 1.07114000e+00 -1.43524000e-01
 3.04185000e-01 5.43121000e-01 5.06980000e-01 5.96207000e-01 -3.98309000e-01 9.93403000e-01 -1.78239000e-01
 -1.34603000e-01 4.14485000e-01 7.20528000e-02 8.97158000e-01 -3.80261000e-01 1.08623000e+00 -7.06547000e-02
 3.70653000e-01 8.38890000e-01 -1.30948000e-01 3.76473000e-01 -3.18795000e-01 1.08218000e+00 -1.43122000e-01
 4.03551000e-01 8.43811000e-01 -2.02736000e-01 2.89874000e-01 -3.05671000e-01 1.06089000e+00 -1.33403000e-01
 4.03629000e-01 8.43727000e-01 -2.03509000e-01 2.89469000e-01 -3.05340000e-01 1.06033000e+00 -1.33573000e-01
 -1.35010000e-01 4.00459000e-01 5.71220000e-02 9.04512000e-01 -3.75738000e-01 1.08368000e+00 -6.82167000e-02
 -1.35632000e-01 3.99180000e-01 5.64003000e-02 9.05029000e-01 -3.75637000e-01 1.08374000e+00 -6.78210000e-02
 2.85814000e-01 5.73342000e-01 5.14388000e-01 5.70083000e-01 -3.74761000e-01 9.95256000e-01 -1.71464000e-01
 -1.34986000e-01 3.98149000e-01 5.49676000e-02 9.05668000e-01 -3.74734000e-01 1.08369000e+00 -6.75713000e-02
 1.46838000e-01 7.92639000e-01 3.59003000e-01 4.70403000e-01 -4.40173000e-01 1.03256000e+00 -1.26971000e-01
 4.12554000e-01 8.39283000e-01 -2.10380000e-01 2.84856000e-01 -3.03234000e-01 1.06387000e+00 -1.32142000e-01
 1.21793000e-02 8.41313000e-01 4.03726000e-01 3.59235000e-01 -4.59643000e-01 1.01280000e+00 -1.01251000e-01
 4.05353000e-01 8.44238000e-01 -2.05025000e-01 2.84457000e-01 -3.05911000e-01 1.05806000e+00 -1.33368000e-01
 3.95334000e-01 6.27580000e-01 9.05885000e-02 6.64566000e-01 -3.16936000e-01 1.01311000e+00 -1.37322000e-01
 -1.61851000e-01 3.99810000e-01 1.02224000e-01 8.96385000e-01 -3.75063000e-01 1.08396000e+00 -7.64866000e-02
 5.45698000e-03 8.42423000e-01 4.04241000e-01 3.56206000e-01 -4.59731000e-01 1.01155000e+00 -1.00880000e-01
 4.08779000e-01 8.41700000e-01 -2.13831000e-01 2.80566000e-01 -3.06072000e-01 1.06319000e+00 -1.33621000e-01
 -1.67227000e-01 3.94943000e-01 1.04058000e-01 8.97344000e-01 -3.74032000e-01 1.08374000e+00 -7.86549000e-02
 -2.33295000e-04 8.44133000e-01 4.07717000e-01 3.48146000e-01 -4.60680000e-01 1.01119000e+00 -9.64561000e-02
 3.42111000e-01 8.20625000e-01 -4.60286000e-02 4.55430000e-01 -3.12616000e-01 1.08568000e+00 -1.57901000e-01
 4.11587000e-01 8.36196000e-01 -1.73406000e-01 3.18279000e-01 -3.16241000e-01 1.07259000e+00 -1.45388000e-01
 1.64255000e-04 8.44733000e-01 4.07567000e-01 3.46864000e-01 -4.60242000e-01 1.01116000e+00 -9.53314000e-02
 4.07706000e-01 8.44030000e-01 -2.17614000e-01 2.72090000e-01 -3.06961000e-01 1.06396000e+00 -1.33321000e-01
 -1.56362000e-01 3.72459000e-01 2.36487000e-02 9.14476000e-01 -3.68008000e-01 1.08332000e+00 -6.00603000e-02
 -1.69866000e-01 3.92020000e-01 1.06073000e-01 8.97895000e-01 -3.74913000e-01 1.08358000e+00 -8.00091000e-02
 3.97768000e-01 6.25135000e-01 9.05621000e-02 6.65421000e-01 -3.15067000e-01 1.01345000e+00 -1.37829000e-01
 -1.62976000e-01 3.67410000e-01 2.04098000e-02 9.15441000e-01 -3.66557000e-01 1.08077000e+00 -5.86283000e-02
 -1.61798000e-01 3.66920000e-01 1.88931000e-02 9.15879000e-01 -3.65854000e-01 1.08031000e+00 -5.79985000e-02
 2.37689000e-01 6.84231000e-01 1.35362000e-01 6.76024000e-01 -3.52613000e-01 1.06164000e+00 -1.50238000e-01
 -1.59348000e-01 3.67757000e-01 2.30793000e-02 9.15877000e-01 -3.66768000e-01 1.08496000e+00 -5.91561000e-02
 2.88341000e-01 7.06831000e-01 6.58103000e-02 6.42588000e-01 -3.07163000e-01 1.08866000e+00 -1.39774000e-01
 -1.65374000e-01 3.64902000e-01 2.01778000e-02 9.16019000e-01 -3.65780000e-01 1.08093000e+00 -5.83510000e-02
 4.04199000e-01 8.41661000e-01 -2.09470000e-01 2.90433000e-01 -3.03653000e-01 1.05982000e+00 -1.34252000e-01
 -1.77198000e-01 3.88905000e-01 1.06848000e-01 8.97740000e-01 -3.76142000e-01 1.08213000e+00 -8.19287000e-02
 1.75760000e-01 7.68917000e-01 3.33958000e-01 5.16088000e-01 -4.22331000e-01 1.01806000e+00 -1.39669000e-01
 4.39847000e-01 8.31727000e-01 -2.24454000e-01 2.53745000e-01 -2.90562000e-01 1.06024000e+00 -1.33928000e-01
 4.84009000e-02 8.37961000e-01 4.08303000e-01 3.58841000e-01 -4.69078000e-01 1.06088000e+00 -1.33020000e-01
 -1.07679000e-01 4.33309000e-01 9.73157000e-02 8.89482000e-01 -3.85681000e-01 1.09886000e+00 -8.45313000e-02
 -1.72865000e-01 3.57483000e-01 1.37643000e-02 9.17679000e-01 -3.67576000e-01 1.08163000e+00 -5.79879000e-02
 -1.81755000e-01 3.84986000e-01 1.08419000e-01 8.98330000e-01 -3.78382000e-01 1.07952000e+00 -8.14279000e-02
 -1.93816000e-02 8.46491000e-01 4.28147000e-01 3.15860000e-01 -4.68523000e-01 1.00808000e+00 -8.68239000e-02
 2.85497000e-01 7.65749000e-01 5.43186000e-02 5.73734000e-01 -3.12270000e-01 1.07849000e+00 -1.45508000e-01
 4.41841000e-01 8.29911000e-01 -2.30923000e-01 2.50397000e-01 -2.84021000e-01 1.05739000e+00 -1.35324000e-01
 -2.18543000e-02 8.46263000e-01 4.29992000e-01 3.13798000e-01 -4.68355000e-01 1.00775000e+00 -8.65445000e-02
 2.74277000e-01 6.91857000e-01 1.75571000e-01 6.44423000e-01 -3.57058000e-01 1.03589000e+00 -1.41948000e-01
 2.74808000e-01 6.96853000e-01 1.45728000e-01 6.46250000e-01 -3.43694000e-01 1.04027000e+00 -1.37628000e-01
 -1.84036000e-01 3.85256000e-01 1.11127000e-01 8.97418000e-01 -3.77119000e-01 1.07837000e+00 -8.13823000e-02
 -1.82623000e-01 3.31446000e-01 2.10665000e-03 9.25628000e-01 -3.59639000e-01 1.07169000e+00 -5.15966000e-02
 -2.56942000e-02 8.45280000e-01 4.38652000e-01 3.04017000e-01 -4.68210000e-01 1.00595000e+00 -8.47279000e-02
 -1.89856000e-01 3.22764000e-01 -2.34892000e-03 9.27239000e-01 -3.61785000e-01 1.07474000e+00 -4.75629000e-02
 2.61344000e-02 5.72908000e-01 1.58987000e-01 8.03627000e-01 -3.57719000e-01 1.11634000e+00 -1.19290000e-01
 -1.35884000e-01 4.02432000e-01 5.98458000e-02 9.03329000e-01 -3.76023000e-01 1.08289000e+00 -6.81837000e-02
 -3.01636000e-02 8.46147000e-01 4.39589000e-01 2.99813000e-01 -4.70920000e-01 1.00668000e+00 -8.30005000e-02
 -3.14006000e-02 8.46174000e-01 4.40342000e-01 2.98502000e-01 -4.70617000e-01 1.00710000e+00 -8.23605000e-02
 4.41777000e-01 8.30992000e-01 -2.26329000e-01 2.51118000e-01 -2.91356000e-01 1.05774000e+00 -1.33873000e-01
 -1.92078000e-01 3.76527000e-01 1.13069000e-01 8.99194000e-01 -3.79719000e-01 1.07921000e+00 -8.20367000e-02
 -1.93714000e-01 3.10499000e-01 -1.63255000e-02 9.30483000e-01 -3.59234000e-01 1.07536000e+00 -3.96363000e-02
 -1.94089000e-01 3.08566000e-01 -1.45950000e-02 9.31077000e-01 -3.60362000e-01 1.07673000e+00 -4.06573000e-02
 -1.94922000e-01 3.07658000e-01 -1.35920000e-02 9.31218000e-01 -3.61077000e-01 1.07655000e+00 -4.00278000e-02
 4.37038000e-01 8.30336000e-01 -2.55949000e-01 2.32446000e-01 -2.77083000e-01 1.05370000e+00 -1.33240000e-01
 3.48834000e-02 8.34580000e-01 4.02054000e-01 3.74982000e-01 -4.55322000e-01 1.01817000e+00 -1.09392000e-01
 4.45390000e-01 8.28754000e-01 -2.46460000e-01 2.32491000e-01 -2.77466000e-01 1.05407000e+00 -1.34270000e-01
 4.33382000e-01 8.29985000e-01 -2.73046000e-01 2.20795000e-01 -2.76057000e-01 1.04968000e+00 -1.30496000e-01
 -1.98134000e-01 3.03983000e-01 -2.20054000e-02 9.31586000e-01 -3.59689000e-01 1.07271000e+00 -3.66601000e-02
 2.99088000e-01 5.32715000e-01 5.21402000e-01 5.95736000e-01 -3.98756000e-01 9.85019000e-01 -1.82564000e-01
 4.26789000e-01 8.32850000e-01 -2.81023000e-01 2.12692000e-01 -2.77353000e-01 1.04870000e+00 -1.34268000e-01
 2.99533000e-01 5.30713000e-01 5.21727000e-01 5.97013000e-01 -3.99478000e-01 9.84539000e-01 -1.82332000e-01
 4.28858000e-01 8.30066000e-01 -2.84927000e-01 2.14214000e-01 -2.75855000e-01 1.04702000e+00 -1.33163000e-01
 3.07726000e-01 6.84125000e-01 9.84336000e-02 6.53903000e-01 -3.40967000e-01 1.02761000e+00 -1.35072000e-01
 4.30697000e-01 8.28894000e-01 -2.86557000e-01 2.12885000e-01 -2.76185000e-01 1.04639000e+00 -1.32188000e-01
 4.22310000e-01 8.33184000e-01 -2.92509000e-01 2.04689000e-01 -2.79588000e-01 1.05102000e+00 -1.33692000e-01
 2.86160000e-01 5.71826000e-01 5.19887000e-01 5.66431000e-01 -3.70505000e-01 9.93012000e-01 -1.73518000e-01
 -1.96114000e-01 2.96135000e-01 -3.55834000e-02 9.34118000e-01 -3.56909000e-01 1.07247000e+00 -3.24570000e-02
 -3.99476000e-02 8.46117000e-01 4.50479000e-01 2.82063000e-01 -4.79662000e-01 1.00878000e+00 -8.09534000e-02
 -1.98373000e-01 2.87926000e-01 -1.45855000e-02 9.36768000e-01 -3.63637000e-01 1.08236000e+00 -3.80044000e-02
 2.44699000e-01 7.18629000e-01 2.48720000e-01 6.01526000e-01 -3.83494000e-01 1.02879000e+00 -1.51127000e-01
 4.09605000e-01 6.13679000e-01 8.64055000e-02 6.69444000e-01 -3.11555000e-01 1.01210000e+00 -1.38662000e-01
 1.07895000e-01 6.36394000e-01 1.66402000e-01 7.45434000e-01 -3.59540000e-01 1.09689000e+00 -1.39567000e-01
 2.99497000e-01 5.29450000e-01 5.23358000e-01 5.96725000e-01 -3.99544000e-01 9.84713000e-01 -1.82767000e-01
 -4.01807000e-02 8.46099000e-01 4.52187000e-01 2.79336000e-01 -4.81829000e-01 1.00737000e+00 -8.01476000e-02
 2.82011000e-01 6.89858000e-01 1.23737000e-01 6.55175000e-01 -3.43861000e-01 1.03753000e+00 -1.31069000e-01
 4.19804000e-01 8.30049000e-01 -3.21126000e-01 1.77933000e-01 -2.86724000e-01 1.05552000e+00 -1.29767000e-01
 2.82223000e-01 6.89370000e-01 1.20606000e-01 6.56181000e-01 -3.42159000e-01 1.03797000e+00 -1.33774000e-01
