 2.59752000e-01 6.76289000e-01 1.16291000e-01 6.79440000e-01 -3.51323000e-01 1.02755000e+00 -1.18840000e-01
 2.50209000e-01 6.85229000e-01 1.29879000e-01 6.71556000e-01 -3.51195000e-01 1.05433000e+00 -1.47888000e-01
 2.49446000e-01 6.85328000e-01 1.30034000e-01 6.71709000e-01 -3.51235000e-01 1.05459000e+00 -1.48465000e-01
 2.73870000e-01 7.02170000e-01 1.95974000e-01 6.27333000e-01 -3.67986000e-01 1.02883000e+00 -1.46523000e-01
 3.29566000e-01 6.81120000e-01 9.81756000e-02 6.46393000e-01 -3.39037000e-01 1.02429000e+00 -1.35830000e-01
 2.76732000e-01 6.96723000e-01 1.88812000e-01 6.34308000e-01 -3.63971000e-01 1.03131000e+00 -1.47678000e-01
 2.71994000e-01 7.04212000e-01 1.96888000e-01 6.25572000e-01 -3.68995000e-01 1.02823000e+00 -1.47115000e-01
 2.58108000e-01 6.76017000e-01 1.15522000e-01 6.80467000e-01 -3.50884000e-01 1.02689000e+00 -1.18706000e-01
 3.39340000e-01 6.83292000e-01 9.68841000e-02 6.39198000e-01 -3.36470000e-01 1.02031000e+00 -1.30672000e-01
 2.57961000e-01 6.75666000e-01 1.15426000e-01 6.80888000e-01 -3.50741000e-01 1.02687000e+00 -1.18578000e-01
 2.85082000e-01 7.37617000e-01 8.33014000e-02 6.06392000e-01 -3.10319000e-01 1.07527000e+00 -1.39600000e-01
 2.69150000e-01 7.10979000e-01 2.18826000e-01 6.11704000e-01 -3.73681000e-01 1.02944000e+00 -1.49833000e-01
 2.66403000e-01 7.12518000e-01 2.17639000e-01 6.11540000e-01 -3.74916000e-01 1.03028000e+00 -1.48921000e-01
 3.23028000e-01 6.81069000e-01 1.00586000e-01 6.49369000e-01 -3.37905000e-01 1.02805000e+00 -1.37763000e-01
 3.47972000e-01 6.68117000e-01 9.96576000e-02 6.50080000e-01 -3.33023000e-01 1.02228000e+00 -1.34617000e-01
 2.39068000e-01 6.84004000e-01 1.35066000e-01 6.75828000e-01 -3.52904000e-01 1.05985000e+00 -1.51012000e-01
 2.61329000e-01 7.12764000e-01 2.22740000e-01 6.11605000e-01 -3.76384000e-01 1.03004000e+00 -1.49106000e-01
 2.62218000e-01 7.01411000e-01 1.84528000e-01 6.36564000e-01 -3.30981000e-01 1.04357000e+00 -1.37404000e-01
 3.05906000e-01 6.84714000e-01 1.01510000e-01 6.53670000e-01 -3.42756000e-01 1.02970000e+00 -1.36751000e-01
 2.47621000e-01 7.17091000e-01 2.58146000e-01 5.98185000e-01 -3.86411000e-01 1.02552000e+00 -1.50683000e-01
 2.81299000e-01 7.51223000e-01 7.32354000e-02 5.92597000e-01 -3.11547000e-01 1.07781000e+00 -1.42126000e-01
 2.81312000e-01 7.52620000e-01 7.13248000e-02 5.91050000e-01 -3.11486000e-01 1.07757000e+00 -1.44205000e-01
 2.80524000e-01 7.53693000e-01 7.05624000e-02 5.90147000e-01 -3.11555000e-01 1.07777000e+00 -1.44922000e-01
 2.66515000e-01 6.93987000e-01 1.88124000e-01 6.41843000e-01 -3.29410000e-01 1.04588000e+00 -1.37714000e-01
 2.28272000e-01 6.82234000e-01 1.36116000e-01 6.81118000e-01 -3.54476000e-01 1.06183000e+00 -1.51003000e-01
 2.26185000e-01 6.82046000e-01 1.35423000e-01 6.82139000e-01 -3.54580000e-01 1.06111000e+00 -1.51444000e-01
 2.48338000e-01 7.15980000e-01 2.85874000e-01 5.86496000e-01 -3.92523000e-01 1.01879000e+00 -1.46654000e-01
 2.81586000e-01 7.55343000e-01 6.78051000e-02 5.87851000e-01 -3.11418000e-01 1.07778000e+00 -1.45327000e-01
 3.43561000e-01 6.71907000e-01 9.71246000e-02 6.48902000e-01 -3.34228000e-01 1.02264000e+00 -1.34277000e-01
 2.87287000e-01 7.66922000e-01 5.51533000e-02 5.71187000e-01 -3.10725000e-01 1.07716000e+00 -1.46811000e-01
 2.53818000e-01 7.03688000e-01 2.95917000e-01 5.93997000e-01 -3.91596000e-01 1.01688000e+00 -1.55139000e-01
 3.38560000e-01 6.83598000e-01 9.79853000e-02 6.39117000e-01 -3.35618000e-01 1.01922000e+00 -1.30321000e-01
 2.55223000e-01 7.01201000e-01 3.03921000e-01 5.92293000e-01 -3.89758000e-01 1.01579000e+00 -1.55981000e-01
 2.66593000e-01 6.93186000e-01 1.88956000e-01 6.42430000e-01 -3.29317000e-01 1.04615000e+00 -1.37541000e-01
 2.22166000e-01 7.32679000e-01 3.08486000e-01 5.64500000e-01 -4.03085000e-01 1.01691000e+00 -1.43154000e-01
 2.00632000e-01 6.74627000e-01 1.39355000e-01 6.96567000e-01 -3.57743000e-01 1.06821000e+00 -1.48304000e-01
 2.22664000e-01 7.38335000e-01 3.11393000e-01 5.55263000e-01 -4.05739000e-01 1.01625000e+00 -1.43569000e-01
 1.97394000e-01 6.73914000e-01 1.39827000e-01 6.98086000e-01 -3.58176000e-01 1.06930000e+00 -1.48391000e-01
 2.68680000e-01 7.11730000e-01 2.18210000e-01 6.11257000e-01 -3.74705000e-01 1.02869000e+00 -1.49191000e-01
 1.89966000e-01 6.69239000e-01 1.42427000e-01 7.04092000e-01 -3.59105000e-01 1.07081000e+00 -1.44849000e-01
 1.89469000e-01 6.70059000e-01 1.41089000e-01 7.03716000e-01 -3.59125000e-01 1.06999000e+00 -1.46653000e-01
 1.76358000e-01 6.63743000e-01 1.41527000e-01 7.12961000e-01 -3.60116000e-01 1.07455000e+00 -1.45739000e-01
 1.95540000e-01 7.53964000e-01 3.20260000e-01 5.39199000e-01 -4.15248000e-01 1.01870000e+00 -1.40381000e-01
 2.64216000e-01 6.71539000e-01 3.60552000e-01 5.90955000e-01 -4.00331000e-01 1.02407000e+00 -1.78362000e-01
 1.88091000e-01 7.57577000e-01 3.22206000e-01 5.35613000e-01 -4.16449000e-01 1.01752000e+00 -1.40350000e-01
 2.63663000e-01 6.76776000e-01 1.15912000e-01 6.77511000e-01 -3.49408000e-01 1.02741000e+00 -1.20418000e-01
 1.35850000e-01 6.39888000e-01 1.50899000e-01 7.41160000e-01 -3.65810000e-01 1.09107000e+00 -1.44538000e-01
 2.60257000e-01 6.75412000e-01 1.16614000e-01 6.80063000e-01 -3.50772000e-01 1.02675000e+00 -1.19297000e-01
 3.36815000e-01 8.19608000e-01 -4.37840000e-02 4.61391000e-01 -3.13816000e-01 1.08636000e+00 -1.56629000e-01
 2.54058000e-01 6.93706000e-01 3.11317000e-01 5.97752000e-01 -3.91724000e-01 1.01543000e+00 -1.53190000e-01
 2.53575000e-01 6.94043000e-01 3.10919000e-01 5.97774000e-01 -3.92458000e-01 1.01344000e+00 -1.53716000e-01
 1.47266000e-01 7.85012000e-01 3.55923000e-01 4.85167000e-01 -4.29227000e-01 1.01594000e+00 -1.32293000e-01
 1.46680000e-01 7.85332000e-01 3.55620000e-01 4.85049000e-01 -4.29921000e-01 1.01529000e+00 -1.31994000e-01
 1.47012000e-01 7.85232000e-01 3.56883000e-01 4.84183000e-01 -4.29888000e-01 1.01489000e+00 -1.31241000e-01
 3.44600000e-01 8.23157000e-01 -5.15543000e-02 4.48336000e-01 -3.14131000e-01 1.08353000e+00 -1.54349000e-01
 1.45891000e-01 7.85301000e-01 3.57513000e-01 4.83945000e-01 -4.29238000e-01 1.01443000e+00 -1.30919000e-01
 1.48666000e-01 7.83735000e-01 3.54239000e-01 4.88029000e-01 -4.29060000e-01 1.01691000e+00 -1.34299000e-01
 3.42165000e-01 8.27773000e-01 -6.36248000e-02 4.40076000e-01 -3.13517000e-01 1.08074000e+00 -1.50364000e-01
 2.18030000e-01 7.42872000e-01 3.11283000e-01 5.51097000e-01 -4.09092000e-01 1.01651000e+00 -1.44985000e-01
 3.39120000e-01 8.29605000e-01 -7.49981000e-02 4.37182000e-01 -3.14941000e-01 1.07807000e+00 -1.51588000e-01
 3.40413000e-01 8.33579000e-01 -6.72435000e-02 4.29818000e-01 -3.07474000e-01 1.07603000e+00 -1.50072000e-01
 3.42851000e-01 8.33561000e-01 -9.99525000e-02 4.21473000e-01 -3.19167000e-01 1.08164000e+00 -1.46002000e-01
 3.42140000e-01 8.24593000e-01 -5.38549000e-02 4.47310000e-01 -3.13924000e-01 1.08337000e+00 -1.54647000e-01
 2.61497000e-01 6.76851000e-01 1.15712000e-01 6.78308000e-01 -3.52276000e-01 1.02701000e+00 -1.20147000e-01
 3.25511000e-01 8.40514000e-01 -1.53445000e-01 4.05011000e-01 -3.19290000e-01 1.09187000e+00 -1.45795000e-01
 3.24977000e-01 8.40817000e-01 -1.55177000e-01 4.04149000e-01 -3.19434000e-01 1.09245000e+00 -1.46578000e-01
 3.25592000e-01 8.40616000e-01 -1.56268000e-01 4.03652000e-01 -3.19616000e-01 1.09286000e+00 -1.47143000e-01
 6.47843000e-02 8.30567000e-01 3.98494000e-01 3.83618000e-01 -4.57173000e-01 1.04731000e+00 -1.30236000e-01
 6.64409000e-02 8.30591000e-01 3.99904000e-01 3.81812000e-01 -4.57343000e-01 1.04845000e+00 -1.29061000e-01
 6.01918000e-02 8.27911000e-01 3.92633000e-01 3.95954000e-01 -4.51051000e-01 1.03072000e+00 -1.17499000e-01
 -5.29261000e-02 4.59839000e-01 1.00548000e-01 8.80702000e-01 -3.85839000e-01 1.12368000e+00 -9.77517000e-02
 6.17538000e-02 8.31824000e-01 4.01245000e-01 3.78495000e-01 -4.56317000e-01 1.04710000e+00 -1.32880000e-01
 6.63986000e-02 8.31482000e-01 4.02629000e-01 3.76986000e-01 -4.59751000e-01 1.04998000e+00 -1.29503000e-01
 1.78721000e-01 7.64262000e-01 3.29516000e-01 5.24769000e-01 -4.19339000e-01 1.01787000e+00 -1.40661000e-01
 3.81269000e-01 6.38286000e-01 8.96587000e-02 6.62711000e-01 -3.22498000e-01 1.01530000e+00 -1.36179000e-01
 -8.79267000e-02 4.45357000e-01 1.03301000e-01 8.85017000e-01 -3.87757000e-01 1.10729000e+00 -8.89241000e-02
 -5.09892000e-02 4.58168000e-01 1.01541000e-01 8.81574000e-01 -3.85316000e-01 1.12482000e+00 -9.60928000e-02
 -5.30320000e-02 4.55741000e-01 9.40344000e-02 8.83542000e-01 -3.84694000e-01 1.12568000e+00 -9.66901000e-02
 5.34858000e-02 8.35454000e-01 4.05530000e-01 3.67016000e-01 -4.66218000e-01 1.05558000e+00 -1.28885000e-01
 -9.42575000e-02 4.39949000e-01 9.73702000e-02 8.87738000e-01 -3.88562000e-01 1.10180000e+00 -8.70677000e-02
 3.87778000e-01 6.33893000e-01 8.98593000e-02 6.63123000e-01 -3.20675000e-01 1.01453000e+00 -1.37094000e-01
 2.62700000e-02 8.37488000e-01 4.02730000e-01 3.68419000e-01 -4.58128000e-01 1.01157000e+00 -1.06660000e-01
 -9.92709000e-02 4.37686000e-01 9.57239000e-02 8.88489000e-01 -3.87553000e-01 1.10070000e+00 -8.64463000e-02
 -5.34542000e-02 4.55710000e-01 9.21783000e-02 8.83727000e-01 -3.84821000e-01 1.12637000e+00 -9.63505000e-02
 -1.04988000e-01 4.36663000e-01 9.61766000e-02 8.88286000e-01 -3.87058000e-01 1.09901000e+00 -8.50913000e-02
 -1.07709000e-01 4.33648000e-01 9.72651000e-02 8.89319000e-01 -3.85274000e-01 1.09743000e+00 -8.29899000e-02
 -1.07065000e-01 4.34744000e-01 9.15715000e-02 8.89466000e-01 -3.89182000e-01 1.09724000e+00 -8.39405000e-02
 2.82048000e-02 8.36680000e-01 4.07387000e-01 3.64975000e-01 -4.52216000e-01 1.01313000e+00 -1.06797000e-01
 -5.31560000e-02 4.54583000e-01 9.09323000e-02 8.84455000e-01 -3.84754000e-01 1.12723000e+00 -9.56995000e-02
 2.93363000e-02 8.36938000e-01 4.07564000e-01 3.64096000e-01 -4.52224000e-01 1.01321000e+00 -1.05591000e-01
 4.02948000e-01 8.40043000e-01 -1.79622000e-01 3.15747000e-01 -3.09693000e-01 1.06369000e+00 -1.32046000e-01
 -5.11264000e-02 4.48019000e-01 8.61211000e-02 8.88396000e-01 -3.83667000e-01 1.12976000e+00 -9.46834000e-02
 2.58704000e-01 6.74220000e-01 1.16861000e-01 6.81794000e-01 -3.52100000e-01 1.02783000e+00 -1.19763000e-01
 4.03145000e-01 8.42087000e-01 -1.89529000e-01 3.04044000e-01 -3.07142000e-01 1.06258000e+00 -1.31433000e-01
 -1.43657000e-01 4.11610000e-01 9.74867000e-02 8.94671000e-01 -3.77510000e-01 1.08667000e+00 -7.81200000e-02
 -1.46943000e-01 4.09542000e-01 9.84016000e-02 8.94986000e-01 -3.76175000e-01 1.08600000e+00 -7.72870000e-02
 -1.52557000e-01 4.05100000e-01 1.00550000e-01 8.95829000e-01 -3.75779000e-01 1.08478000e+00 -7.60385000e-02
 3.92866000e-01 6.29145000e-01 9.16400000e-02 6.64406000e-01 -3.18451000e-01 1.01401000e+00 -1.37642000e-01
 -1.39396000e-01 3.87063000e-01 4.34163000e-02 9.10421000e-01 -3.74459000e-01 1.08257000e+00 -6.79143000e-02
 -1.39701000e-01 3.85680000e-01 4.26652000e-02 9.10996000e-01 -3.74094000e-01 1.08266000e+00 -6.83152000e-02
 -1.44705000e-01 3.80693000e-01 3.82601000e-02 9.12507000e-01 -3.74520000e-01 1.08396000e+00 -6.68799000e-02
 -1.67227000e-01 3.94943000e-01 1.04058000e-01 8.97344000e-01 -3.74032000e-01 1.08374000e+00 -7.86549000e-02
 -1.42060000e-01 3.81286000e-01 3.91934000e-02 9.12636000e-01 -3.75388000e-01 1.08247000e+00 -6.86157000e-02
 -1.54483000e-01 3.73870000e-01 2.82721000e-02 9.14088000e-01 -3.68961000e-01 1.08452000e+00 -6.11054000e-02
 3.97768000e-01 6.25135000e-01 9.05621000e-02 6.65421000e-01 -3.15067000e-01 1.01345000e+00 -1.37829000e-01
 -3.58161000e-03 8.45934000e-01 4.11187000e-01 3.39570000e-01 -4.61291000e-01 1.01053000e+00 -9.33724000e-02
 -6.66593000e-03 8.46600000e-01 4.11233000e-01 3.37803000e-01 -4.61615000e-01 1.01095000e+00 -9.26191000e-02
 -7.53669000e-03 8.46832000e-01 4.12938000e-01 3.35114000e-01 -4.62400000e-01 1.01056000e+00 -9.19852000e-02
 -1.66284000e-01 3.63471000e-01 1.86183000e-02 9.16456000e-01 -3.65325000e-01 1.08127000e+00 -5.80783000e-02
 -1.81755000e-01 3.84986000e-01 1.08419000e-01 8.98330000e-01 -3.78382000e-01 1.07952000e+00 -8.14279000e-02
 4.41259000e-01 8.30491000e-01 -2.33388000e-01 2.47195000e-01 -2.83158000e-01 1.05628000e+00 -1.34343000e-01
 -1.78792000e-01 3.38691000e-01 9.64210000e-03 9.23704000e-01 -3.60675000e-01 1.07452000e+00 -5.23894000e-02
 6.56584000e-02 8.30540000e-01 3.95666000e-01 3.86447000e-01 -4.57338000e-01 1.04716000e+00 -1.27301000e-01
 4.40073000e-01 8.30715000e-01 -2.37812000e-01 2.44323000e-01 -2.82223000e-01 1.05555000e+00 -1.33866000e-01
 -1.86539000e-01 3.30378000e-01 1.69389000e-03 9.25230000e-01 -3.58920000e-01 1.07295000e+00 -5.04274000e-02
 -1.90740000e-01 3.24335000e-01 -3.01297000e-03 9.26507000e-01 -3.61998000e-01 1.07326000e+00 -5.04474000e-02
 3.15753000e-02 8.37733000e-01 4.09253000e-01 3.60164000e-01 -4.52438000e-01 1.01339000e+00 -1.06486000e-01
 4.39444000e-01 8.30781000e-01 -2.42645000e-01 2.40449000e-01 -2.80072000e-01 1.05518000e+00 -1.33979000e-01
 -1.90227000e-01 3.21650000e-01 -4.52336000e-03 9.27542000e-01 -3.61502000e-01 1.07492000e+00 -4.67835000e-02
 -3.31717000e-02 8.46285000e-01 4.42187000e-01 2.95248000e-01 -4.70759000e-01 1.00710000e+00 -8.24851000e-02
 -1.93714000e-01 3.10499000e-01 -1.63255000e-02 9.30483000e-01 -3.59234000e-01 1.07536000e+00 -3.96363000e-02
 -4.57879000e-02 8.48434000e-01 4.46198000e-01 2.81018000e-01 -4.71073000e-01 1.00365000e+00 -8.51803000e-02
 4.04018000e-01 6.18288000e-01 8.74083000e-02 6.68468000e-01 -3.13477000e-01 1.01239000e+00 -1.37834000e-01
 1.78474000e-01 7.66264000e-01 3.29583000e-01 5.21882000e-01 -4.21327000e-01 1.01778000e+00 -1.40149000e-01
 -1.94692000e-01 3.04821000e-01 -2.70346000e-02 9.31906000e-01 -3.59349000e-01 1.07390000e+00 -3.75021000e-02
 4.28903000e-01 8.31613000e-01 -2.77927000e-01 2.17298000e-01 -2.77327000e-01 1.04797000e+00 -1.32598000e-01
 -1.90288000e-01 3.77380000e-01 1.11790000e-01 8.99376000e-01 -3.81412000e-01 1.07870000e+00 -8.18415000e-02
 2.62727000e-01 7.01335000e-01 1.80841000e-01 6.37495000e-01 -3.30178000e-01 1.04286000e+00 -1.38769000e-01
 -1.95861000e-01 2.99095000e-01 -3.30112000e-02 9.33323000e-01 -3.57056000e-01 1.07336000e+00 -3.25471000e-02
 -4.07437000e-02 8.49251000e-01 4.41251000e-01 2.87071000e-01 -4.72032000e-01 1.00735000e+00 -8.10890000e-02
