 6.52934000e-01 7.57022000e-01 2.43320000e-02 -1.81564000e-03 2.72018000e-01 2.36250000e-01 1.54173000e-01
 6.53083000e-01 7.56996000e-01 2.09817000e-02 7.07892000e-04 2.71297000e-01 2.33036000e-01 1.52635000e-01
 6.55695000e-01 7.54735000e-01 2.09490000e-02 -9.60021000e-05 2.70918000e-01 2.28387000e-01 1.52317000e-01
 6.53467000e-01 7.56786000e-01 1.50726000e-02 5.38760000e-03 2.71567000e-01 2.27868000e-01 1.49112000e-01
 6.37163000e-01 7.69282000e-01 4.66261000e-02 -7.34842000e-03 2.68084000e-01 2.42293000e-01 1.72636000e-01
 6.56081000e-01 7.49946000e-01 6.23734000e-02 -5.69972000e-02 2.79312000e-01 2.49616000e-01 1.51025000e-01
 6.07557000e-01 7.91332000e-01 6.83022000e-02 -1.87796000e-03 2.60759000e-01 2.37808000e-01 1.76297000e-01
 6.03001000e-01 7.94733000e-01 6.88722000e-02 -6.78934000e-03 2.61769000e-01 2.34897000e-01 1.77626000e-01
 6.61224000e-01 7.39985000e-01 9.10067000e-02 -8.32042000e-02 2.77631000e-01 2.54464000e-01 1.39205000e-01
 6.54509000e-01 7.51564000e-01 6.08267000e-02 -5.53947000e-02 2.79317000e-01 2.47537000e-01 1.52784000e-01
 6.03520000e-01 7.94303000e-01 6.92906000e-02 -6.67506000e-03 2.61874000e-01 2.32231000e-01 1.78877000e-01
 6.52256000e-01 7.57661000e-01 2.24664000e-02 -2.67990000e-03 2.72822000e-01 2.32307000e-01 1.50590000e-01
 6.03297000e-01 7.94308000e-01 7.10301000e-02 -7.84868000e-03 2.61826000e-01 2.31076000e-01 1.79462000e-01
 6.56596000e-01 7.41148000e-01 1.03825000e-01 -9.38214000e-02 2.75821000e-01 2.52752000e-01 1.32701000e-01
 6.24459000e-01 7.78812000e-01 5.90777000e-02 -3.48894000e-03 2.63656000e-01 2.39839000e-01 1.78282000e-01
 6.60254000e-01 7.37385000e-01 1.03487000e-01 -9.80754000e-02 2.76619000e-01 2.50466000e-01 1.33518000e-01
 5.46740000e-01 8.30218000e-01 9.16511000e-02 5.84224000e-02 2.32680000e-01 2.32174000e-01 1.82022000e-01
 5.49523000e-01 8.28955000e-01 1.04127000e-01 -3.85409000e-03 2.57046000e-01 2.60247000e-01 2.16570000e-01
 5.43055000e-01 8.32957000e-01 8.70099000e-02 6.08530000e-02 2.33561000e-01 2.31576000e-01 1.83068000e-01
 6.02877000e-01 7.94767000e-01 6.94600000e-02 -7.70988000e-03 2.61812000e-01 2.34378000e-01 1.75996000e-01
 5.01287000e-01 8.57522000e-01 6.34845000e-02 9.66267000e-02 2.25952000e-01 2.22795000e-01 1.92893000e-01
 6.55438000e-01 7.55090000e-01 1.47877000e-02 4.52454000e-03 2.71765000e-01 2.28280000e-01 1.50640000e-01
 4.95696000e-01 8.60533000e-01 6.54170000e-02 9.74131000e-02 2.27153000e-01 2.22390000e-01 1.94056000e-01
 4.93758000e-01 8.61584000e-01 6.38843000e-02 9.89679000e-02 2.25943000e-01 2.21709000e-01 1.94487000e-01
 6.83693000e-01 7.17159000e-01 -7.77337000e-02 -1.10475000e-01 3.31616000e-01 2.10256000e-01 1.28212000e-01
 6.83624000e-01 7.17190000e-01 -7.72977000e-02 -1.11007000e-01 3.32148000e-01 2.09622000e-01 1.27671000e-01
 6.84103000e-01 7.16551000e-01 -7.98158000e-02 -1.10398000e-01 3.32225000e-01 2.08085000e-01 1.26865000e-01
 6.84750000e-01 7.16089000e-01 -8.05889000e-02 -1.08810000e-01 3.32257000e-01 2.07685000e-01 1.26365000e-01
 5.34527000e-01 8.23148000e-01 1.45731000e-01 1.24378000e-01 1.99868000e-01 2.42578000e-01 1.81671000e-01
 5.23847000e-01 8.33239000e-01 1.38832000e-01 1.09646000e-01 2.05376000e-01 2.40622000e-01 1.64343000e-01
 6.85935000e-01 7.14748000e-01 -8.19532000e-02 -1.09145000e-01 3.32164000e-01 2.06718000e-01 1.26206000e-01
 6.86875000e-01 7.13904000e-01 -8.29535000e-02 -1.07997000e-01 3.31957000e-01 2.05886000e-01 1.25441000e-01
 4.92783000e-01 8.62038000e-01 6.15344000e-02 1.01338000e-01 2.24591000e-01 2.21132000e-01 1.95086000e-01
 5.27977000e-01 8.23090000e-01 1.54445000e-01 1.41104000e-01 1.92830000e-01 2.44912000e-01 1.82480000e-01
 5.20942000e-01 8.33202000e-01 1.50032000e-01 1.09016000e-01 2.05002000e-01 2.37675000e-01 1.62920000e-01
 6.55140000e-01 7.51565000e-01 5.69548000e-02 -5.19417000e-02 2.79388000e-01 2.47888000e-01 1.52278000e-01
 5.31721000e-01 8.18186000e-01 1.56259000e-01 1.53063000e-01 1.87169000e-01 2.47565000e-01 1.84886000e-01
 5.38739000e-01 8.11126000e-01 1.64016000e-01 1.57905000e-01 1.83249000e-01 2.45834000e-01 1.87396000e-01
 4.91403000e-01 8.62845000e-01 5.86712000e-02 1.02857000e-01 2.24987000e-01 2.20212000e-01 1.95518000e-01
 6.57564000e-01 7.40276000e-01 1.01294000e-01 -9.66448000e-02 2.78208000e-01 2.51768000e-01 1.32469000e-01
 5.41048000e-01 8.07799000e-01 1.69671000e-01 1.61060000e-01 1.81090000e-01 2.47437000e-01 1.87738000e-01
 5.40210000e-01 8.07105000e-01 1.72378000e-01 1.64440000e-01 1.80094000e-01 2.46506000e-01 1.88605000e-01
 5.42363000e-01 8.06461000e-01 1.68437000e-01 1.64596000e-01 1.79433000e-01 2.48710000e-01 1.89281000e-01
 6.58984000e-01 7.39526000e-01 9.82346000e-02 -9.58750000e-02 2.79168000e-01 2.52489000e-01 1.33208000e-01
 5.26382000e-01 8.20671000e-01 1.55914000e-01 1.58469000e-01 1.84903000e-01 2.49799000e-01 1.83399000e-01
 5.36299000e-01 8.08108000e-01 1.79028000e-01 1.65205000e-01 1.77189000e-01 2.44015000e-01 1.89110000e-01
 5.43247000e-01 8.04510000e-01 1.67088000e-01 1.72419000e-01 1.77227000e-01 2.52679000e-01 1.93226000e-01
 5.44117000e-01 8.02804000e-01 1.69790000e-01 1.74968000e-01 1.75814000e-01 2.54525000e-01 1.93210000e-01
 6.59052000e-01 7.39611000e-01 9.88816000e-02 -9.40651000e-02 2.77220000e-01 2.50936000e-01 1.33489000e-01
 5.35635000e-01 8.07705000e-01 1.81391000e-01 1.66748000e-01 1.76294000e-01 2.43657000e-01 1.88278000e-01
 5.34487000e-01 8.05909000e-01 1.87198000e-01 1.72602000e-01 1.72699000e-01 2.42952000e-01 1.85942000e-01
 5.35045000e-01 8.04768000e-01 1.88494000e-01 1.74774000e-01 1.71739000e-01 2.42940000e-01 1.85859000e-01
 5.44451000e-01 8.02347000e-01 1.68396000e-01 1.77357000e-01 1.73930000e-01 2.54582000e-01 1.94592000e-01
 6.72463000e-01 6.97164000e-01 1.82141000e-01 -1.69060000e-01 2.63951000e-01 2.58044000e-01 9.37484000e-02
 5.26945000e-01 8.06744000e-01 1.92099000e-01 1.85987000e-01 1.67338000e-01 2.41576000e-01 1.82370000e-01
 5.25845000e-01 8.06971000e-01 1.93562000e-01 1.86596000e-01 1.66895000e-01 2.41216000e-01 1.81344000e-01
 5.23550000e-01 8.07961000e-01 1.94209000e-01 1.88091000e-01 1.65810000e-01 2.41636000e-01 1.82513000e-01
 6.72556000e-01 6.94842000e-01 1.87133000e-01 -1.72757000e-01 2.61597000e-01 2.56530000e-01 9.03932000e-02
 6.74290000e-01 6.92910000e-01 1.88563000e-01 -1.72198000e-01 2.61701000e-01 2.55371000e-01 8.96310000e-02
 5.25711000e-01 8.21275000e-01 1.55414000e-01 1.58057000e-01 1.84800000e-01 2.51144000e-01 1.81842000e-01
 5.19716000e-01 8.06005000e-01 2.03059000e-01 1.97529000e-01 1.61106000e-01 2.41757000e-01 1.81230000e-01
 6.72213000e-01 6.92663000e-01 1.93460000e-01 -1.75844000e-01 2.59570000e-01 2.53418000e-01 8.70263000e-02
 5.34085000e-01 8.15942000e-01 1.57671000e-01 1.55345000e-01 1.86603000e-01 2.45536000e-01 1.83718000e-01
 6.72322000e-01 6.91948000e-01 1.95038000e-01 -1.76499000e-01 2.60045000e-01 2.52825000e-01 8.63440000e-02
 6.74220000e-01 6.90101000e-01 1.95664000e-01 -1.75792000e-01 2.58988000e-01 2.52531000e-01 8.52708000e-02
 5.45888000e-01 8.00725000e-01 1.68798000e-01 1.79869000e-01 1.73024000e-01 2.55700000e-01 1.95944000e-01
 5.43776000e-01 8.01733000e-01 1.68227000e-01 1.82296000e-01 1.72858000e-01 2.56347000e-01 1.96985000e-01
 5.26618000e-01 7.98723000e-01 2.04733000e-01 2.06879000e-01 1.56153000e-01 2.40817000e-01 1.84791000e-01
 6.79175000e-01 6.82950000e-01 1.98359000e-01 -1.81534000e-01 2.57993000e-01 2.51772000e-01 8.47686000e-02
 5.14437000e-01 8.08195000e-01 2.05368000e-01 1.99996000e-01 1.59964000e-01 2.39979000e-01 1.77299000e-01
 5.10925000e-01 8.09117000e-01 2.06910000e-01 2.03648000e-01 1.57635000e-01 2.40684000e-01 1.75122000e-01
 5.40011000e-01 8.07784000e-01 1.70556000e-01 1.63658000e-01 1.79164000e-01 2.46828000e-01 1.90229000e-01
 5.31847000e-01 8.17693000e-01 1.56250000e-01 1.55252000e-01 1.86874000e-01 2.46261000e-01 1.84659000e-01
 5.05449000e-01 8.11586000e-01 2.09117000e-01 2.05229000e-01 1.55682000e-01 2.41247000e-01 1.72647000e-01
 5.05710000e-01 8.10752000e-01 2.07971000e-01 2.09013000e-01 1.54950000e-01 2.42045000e-01 1.70810000e-01
 6.52685000e-01 7.57386000e-01 1.92046000e-02 -1.02611000e-04 2.72487000e-01 2.32165000e-01 1.51005000e-01
 6.76647000e-01 6.82673000e-01 2.02503000e-01 -1.87346000e-01 2.57578000e-01 2.48402000e-01 8.37399000e-02
 5.07139000e-01 8.09451000e-01 2.08267000e-01 2.10294000e-01 1.53687000e-01 2.41789000e-01 1.69337000e-01
 6.81749000e-01 6.80697000e-01 1.96738000e-01 -1.82108000e-01 2.57289000e-01 2.52553000e-01 8.31869000e-02
 6.77542000e-01 6.81986000e-01 2.03187000e-01 -1.85867000e-01 2.56037000e-01 2.45890000e-01 8.12921000e-02
 6.79594000e-01 6.79842000e-01 2.04584000e-01 -1.84696000e-01 2.55075000e-01 2.45380000e-01 8.07098000e-02
 4.51810000e-01 8.83981000e-01 3.66719000e-02 1.14454000e-01 2.26604000e-01 2.09910000e-01 2.09419000e-01
 4.51919000e-01 8.84027000e-01 3.39622000e-02 1.14512000e-01 2.25854000e-01 2.08830000e-01 2.10367000e-01
 5.06139000e-01 8.09533000e-01 2.09130000e-01 2.11530000e-01 1.53459000e-01 2.40050000e-01 1.68593000e-01
 5.35143000e-01 8.18869000e-01 1.57518000e-01 1.35141000e-01 1.93613000e-01 2.45377000e-01 1.82320000e-01
 4.46428000e-01 8.87358000e-01 4.01501000e-02 1.08095000e-01 2.26699000e-01 2.08140000e-01 2.10448000e-01
 4.43771000e-01 8.88810000e-01 3.88910000e-02 1.07572000e-01 2.26621000e-01 2.07142000e-01 2.10070000e-01
 4.50910000e-01 8.84268000e-01 3.17004000e-02 1.17236000e-01 2.24961000e-01 2.08398000e-01 2.11193000e-01
 6.83850000e-01 7.17976000e-01 -7.65546000e-02 -1.04877000e-01 3.31666000e-01 2.14623000e-01 1.29149000e-01
 5.11314000e-01 8.08884000e-01 2.05393000e-01 2.05131000e-01 1.56847000e-01 2.39867000e-01 1.73708000e-01
 4.95227000e-01 8.60649000e-01 6.70027000e-02 9.76926000e-02 2.25500000e-01 2.22012000e-01 1.95125000e-01
 4.16104000e-01 9.00369000e-01 1.51021000e-02 1.26355000e-01 2.24086000e-01 1.98216000e-01 2.29127000e-01
 4.15210000e-01 9.00569000e-01 1.56293000e-02 1.27795000e-01 2.23880000e-01 1.98240000e-01 2.30485000e-01
 4.14396000e-01 9.00808000e-01 1.42591000e-02 1.28911000e-01 2.23464000e-01 1.97592000e-01 2.30914000e-01
 4.13637000e-01 9.01291000e-01 1.33576000e-02 1.28062000e-01 2.23760000e-01 1.97365000e-01 2.31465000e-01
 4.95489000e-01 8.60514000e-01 6.90681000e-02 9.61002000e-02 2.25663000e-01 2.22278000e-01 1.93403000e-01
 4.08658000e-01 9.03083000e-01 1.40505000e-02 1.31310000e-01 2.23356000e-01 1.96459000e-01 2.30349000e-01
 6.81184000e-01 6.72910000e-01 2.14621000e-01 -1.92663000e-01 2.51816000e-01 2.43493000e-01 7.87457000e-02
 5.24803000e-01 8.00452000e-01 2.04002000e-01 2.05526000e-01 1.57612000e-01 2.41600000e-01 1.85832000e-01
 5.33053000e-01 8.28698000e-01 1.36423000e-01 1.02486000e-01 2.10401000e-01 2.39527000e-01 1.73132000e-01
