 6.34188000e-01 7.49161000e-01 -1.32349000e-01 -1.38009000e-01 3.43985000e-01 2.03563000e-01 1.48467000e-01
 6.28439000e-01 7.47879000e-01 -1.78003000e-01 -1.18562000e-01 3.50575000e-01 2.03438000e-01 1.59562000e-01
 6.48230000e-01 7.19553000e-01 -1.58367000e-01 -1.92251000e-01 3.62103000e-01 1.85770000e-01 1.19240000e-01
 6.39981000e-01 7.36368000e-01 -1.86937000e-01 -1.15068000e-01 3.51694000e-01 2.05208000e-01 1.62829000e-01
 6.00038000e-01 7.61443000e-01 -2.18592000e-01 -1.11247000e-01 3.56489000e-01 1.93516000e-01 1.78652000e-01
 5.99463000e-01 7.60960000e-01 -2.20906000e-01 -1.13067000e-01 3.56468000e-01 1.92981000e-01 1.79352000e-01
 6.47931000e-01 7.09059000e-01 -1.78338000e-01 -2.13581000e-01 3.70684000e-01 1.76534000e-01 1.11664000e-01
 6.43225000e-01 7.33663000e-01 -1.87971000e-01 -1.12550000e-01 3.50865000e-01 2.05183000e-01 1.61545000e-01
 6.53916000e-01 7.00759000e-01 -1.79001000e-01 -2.22011000e-01 3.73878000e-01 1.74855000e-01 1.12014000e-01
 6.22953000e-01 7.62129000e-01 -1.28835000e-01 -1.20374000e-01 3.44677000e-01 2.23286000e-01 1.65499000e-01
 6.51736000e-01 7.23949000e-01 -2.02661000e-01 -1.00332000e-01 3.51043000e-01 2.06422000e-01 1.63933000e-01
 6.48759000e-01 7.04300000e-01 -1.81330000e-01 -2.24037000e-01 3.72703000e-01 1.71143000e-01 1.11066000e-01
 6.33587000e-01 7.54658000e-01 -1.25059000e-01 -1.15838000e-01 3.33789000e-01 1.99396000e-01 1.44477000e-01
 5.94068000e-01 7.63056000e-01 -2.24596000e-01 -1.19936000e-01 3.58362000e-01 1.86845000e-01 1.86100000e-01
 5.93212000e-01 7.58639000e-01 -2.37921000e-01 -1.26333000e-01 3.64774000e-01 1.85369000e-01 1.91661000e-01
 6.57027000e-01 6.86867000e-01 -1.98234000e-01 -2.39233000e-01 3.81281000e-01 1.63261000e-01 1.01478000e-01
 6.37146000e-01 7.39819000e-01 -1.82049000e-01 -1.16494000e-01 3.51184000e-01 2.03682000e-01 1.64784000e-01
 6.58732000e-01 6.82923000e-01 -2.05524000e-01 -2.39682000e-01 3.81460000e-01 1.60815000e-01 1.00975000e-01
 6.33721000e-01 7.51614000e-01 -1.33863000e-01 -1.24719000e-01 3.39144000e-01 1.99561000e-01 1.46455000e-01
 6.31803000e-01 7.54017000e-01 -1.32685000e-01 -1.21149000e-01 3.37937000e-01 1.99331000e-01 1.46841000e-01
 6.35819000e-01 7.38191000e-01 -1.38331000e-01 -1.77968000e-01 3.55182000e-01 1.97753000e-01 1.26967000e-01
 6.33371000e-01 7.48729000e-01 -1.34604000e-01 -1.41874000e-01 3.45083000e-01 2.03857000e-01 1.47782000e-01
 6.58991000e-01 6.80461000e-01 -2.07325000e-01 -2.44378000e-01 3.82587000e-01 1.59147000e-01 1.00032000e-01
 6.35463000e-01 7.41182000e-01 -1.82661000e-01 -1.16066000e-01 3.49562000e-01 2.00033000e-01 1.58873000e-01
 6.61294000e-01 7.14366000e-01 -2.11841000e-01 -8.65724000e-02 3.50365000e-01 2.12364000e-01 1.65901000e-01
 6.31805000e-01 7.53759000e-01 -1.34744000e-01 -1.20475000e-01 3.38590000e-01 1.99306000e-01 1.48444000e-01
 6.68547000e-01 6.62125000e-01 -2.18471000e-01 -2.58663000e-01 3.86112000e-01 1.47957000e-01 9.60152000e-02
 6.30783000e-01 7.70173000e-01 -2.22316000e-03 -9.45610000e-02 2.99128000e-01 2.62053000e-01 1.14624000e-01
 6.31217000e-01 7.69762000e-01 -1.65784000e-03 -9.50188000e-02 2.99014000e-01 2.62127000e-01 1.14134000e-01
 6.34302000e-01 7.49835000e-01 -1.33072000e-01 -1.33043000e-01 3.41901000e-01 2.03137000e-01 1.49817000e-01
 5.61962000e-01 7.75507000e-01 -2.58462000e-01 -1.26432000e-01 3.65659000e-01 1.72779000e-01 2.00422000e-01
 5.99892000e-01 7.62396000e-01 -2.15498000e-01 -1.11544000e-01 3.54816000e-01 1.94837000e-01 1.76964000e-01
 5.56823000e-01 7.78439000e-01 -2.61967000e-01 -1.23912000e-01 3.64721000e-01 1.72399000e-01 1.99973000e-01
 6.37164000e-01 7.63985000e-01 6.55020000e-03 -1.01525000e-01 2.98803000e-01 2.65429000e-01 1.11788000e-01
 6.85647000e-01 6.41628000e-01 -2.27985000e-01 -2.57341000e-01 3.89017000e-01 1.44466000e-01 9.18888000e-02
 6.91712000e-01 6.30924000e-01 -2.36441000e-01 -2.59933000e-01 3.89485000e-01 1.40760000e-01 9.44155000e-02
 5.29140000e-01 7.94922000e-01 -2.69873000e-01 -1.23609000e-01 3.65741000e-01 1.65249000e-01 2.08409000e-01
 5.28709000e-01 7.95014000e-01 -2.69962000e-01 -1.24659000e-01 3.64971000e-01 1.64983000e-01 2.09049000e-01
 6.00317000e-01 7.93724000e-01 3.06889000e-02 -9.31625000e-02 2.91423000e-01 2.71448000e-01 1.07261000e-01
 5.20052000e-01 8.00215000e-01 -2.71843000e-01 -1.23702000e-01 3.65868000e-01 1.64531000e-01 2.14065000e-01
 5.99656000e-01 7.93941000e-01 3.25609000e-02 -9.49240000e-02 2.90340000e-01 2.71462000e-01 1.06588000e-01
 5.20332000e-01 7.99191000e-01 -2.72557000e-01 -1.27515000e-01 3.65173000e-01 1.62047000e-01 2.14306000e-01
 6.32984000e-01 7.50289000e-01 -1.30844000e-01 -1.38842000e-01 3.42861000e-01 2.02887000e-01 1.48736000e-01
 6.32229000e-01 7.47531000e-01 -1.21976000e-01 -1.63114000e-01 3.46902000e-01 2.01341000e-01 1.28608000e-01
 5.99711000e-01 7.94193000e-01 3.41192000e-02 -9.18722000e-02 2.89355000e-01 2.70737000e-01 1.04332000e-01
 6.98194000e-01 6.08167000e-01 -2.53731000e-01 -2.79783000e-01 3.94859000e-01 1.27930000e-01 8.93903000e-02
 6.98882000e-01 6.06949000e-01 -2.51526000e-01 -2.82686000e-01 3.94757000e-01 1.26834000e-01 8.97500000e-02
 6.97705000e-01 6.06239000e-01 -2.51129000e-01 -2.87432000e-01 3.95516000e-01 1.24954000e-01 8.76245000e-02
 5.65084000e-01 7.73721000e-01 -2.55000000e-01 -1.30430000e-01 3.66596000e-01 1.73756000e-01 2.01052000e-01
 6.98077000e-01 6.05326000e-01 -2.52001000e-01 -2.87688000e-01 3.95877000e-01 1.24590000e-01 8.68325000e-02
 6.43774000e-01 7.61881000e-01 1.95676000e-02 -6.86215000e-02 2.83727000e-01 2.71786000e-01 1.33348000e-01
 6.44492000e-01 7.61094000e-01 2.17160000e-02 -6.99645000e-02 2.83935000e-01 2.70409000e-01 1.34583000e-01
 5.99488000e-01 7.94029000e-01 3.74374000e-02 -9.34346000e-02 2.89384000e-01 2.72454000e-01 1.02908000e-01
 5.69518000e-01 7.72158000e-01 -2.48388000e-01 -1.33134000e-01 3.66464000e-01 1.75287000e-01 2.02950000e-01
 6.41977000e-01 7.58194000e-01 2.06925000e-02 -1.12157000e-01 2.97069000e-01 2.64292000e-01 1.13051000e-01
 6.46935000e-01 7.59025000e-01 2.47157000e-02 -6.88938000e-02 2.81261000e-01 2.68753000e-01 1.35223000e-01
 6.50042000e-01 7.12736000e-01 -1.72172000e-01 -1.99525000e-01 3.66863000e-01 1.82390000e-01 1.13531000e-01
 6.57314000e-01 7.51199000e-01 2.93795000e-02 -5.26756000e-02 2.76129000e-01 2.70996000e-01 1.33967000e-01
 6.44299000e-01 7.60644000e-01 3.87947000e-02 -6.92465000e-02 2.78036000e-01 2.66838000e-01 1.40307000e-01
 6.50077000e-01 7.14064000e-01 -1.67782000e-01 -1.98399000e-01 3.66456000e-01 1.83666000e-01 1.15438000e-01
 7.13057000e-01 5.92817000e-01 -2.57255000e-01 -2.71914000e-01 3.96415000e-01 1.31299000e-01 8.66253000e-02
 7.17314000e-01 5.87051000e-01 -2.61323000e-01 -2.69335000e-01 3.94108000e-01 1.29220000e-01 8.40953000e-02
 6.62608000e-01 7.47306000e-01 3.37229000e-02 -3.67061000e-02 2.68492000e-01 2.72656000e-01 1.37725000e-01
 6.61807000e-01 7.48028000e-01 3.52140000e-02 -3.50050000e-02 2.67641000e-01 2.73735000e-01 1.39181000e-01
 4.87634000e-01 8.10243000e-01 -3.05139000e-01 -1.12294000e-01 3.63774000e-01 1.51159000e-01 2.34949000e-01
 6.35458000e-01 7.38510000e-01 -1.38415000e-01 -1.77869000e-01 3.55488000e-01 1.98657000e-01 1.23889000e-01
 6.35041000e-01 7.50332000e-01 -1.36377000e-01 -1.22986000e-01 3.40998000e-01 2.02669000e-01 1.46934000e-01
 7.27488000e-01 5.75475000e-01 -2.65958000e-01 -2.62405000e-01 3.95074000e-01 1.30554000e-01 7.82517000e-02
 7.29017000e-01 5.73098000e-01 -2.66958000e-01 -2.62347000e-01 3.94234000e-01 1.30198000e-01 7.88002000e-02
 5.95677000e-01 7.96237000e-01 4.30747000e-02 -9.65362000e-02 2.88490000e-01 2.72830000e-01 9.97782000e-02
 7.28168000e-01 5.72811000e-01 -2.71014000e-01 -2.61173000e-01 3.96739000e-01 1.31288000e-01 7.64663000e-02
 4.76930000e-01 8.16159000e-01 -3.04895000e-01 -1.16025000e-01 3.63333000e-01 1.48405000e-01 2.35753000e-01
 6.60036000e-01 7.49839000e-01 3.84330000e-02 -2.48425000e-02 2.64205000e-01 2.75082000e-01 1.40336000e-01
 7.39634000e-01 5.58031000e-01 -2.71129000e-01 -2.60830000e-01 3.96164000e-01 1.29786000e-01 8.43732000e-02
 5.96553000e-01 7.59746000e-01 -2.28100000e-01 -1.21991000e-01 3.62040000e-01 1.90390000e-01 1.86185000e-01
 4.73696000e-01 8.17871000e-01 -3.06012000e-01 -1.14264000e-01 3.62381000e-01 1.47143000e-01 2.35699000e-01
 6.63138000e-01 7.47042000e-01 4.43759000e-02 -1.43677000e-02 2.60288000e-01 2.75749000e-01 1.38115000e-01
 7.31514000e-01 5.69451000e-01 -2.73556000e-01 -2.56478000e-01 3.95244000e-01 1.30341000e-01 7.17524000e-02
 4.73882000e-01 8.17510000e-01 -3.07371000e-01 -1.12412000e-01 3.62337000e-01 1.46151000e-01 2.36415000e-01
 6.61372000e-01 7.48531000e-01 4.66592000e-02 -1.05613000e-02 2.58185000e-01 2.75868000e-01 1.39850000e-01
 6.60530000e-01 7.49479000e-01 3.70069000e-02 -2.47350000e-02 2.64488000e-01 2.73893000e-01 1.39170000e-01
 5.04307000e-01 8.02726000e-01 -2.94574000e-01 -1.20550000e-01 3.65137000e-01 1.54418000e-01 2.32861000e-01
 7.46428000e-01 5.48164000e-01 -2.73728000e-01 -2.59680000e-01 3.94551000e-01 1.26832000e-01 8.28280000e-02
 6.51210000e-01 7.55987000e-01 2.57740000e-02 -6.11965000e-02 2.78816000e-01 2.68013000e-01 1.36684000e-01
 6.32550000e-01 7.67826000e-01 4.08464000e-03 -1.01523000e-01 2.99124000e-01 2.65290000e-01 1.11494000e-01
 6.93929000e-01 6.00030000e-01 -2.54080000e-01 -3.06383000e-01 3.98795000e-01 1.19712000e-01 8.46678000e-02
 5.67935000e-01 7.74053000e-01 -2.47276000e-01 -1.30944000e-01 3.66073000e-01 1.76008000e-01 2.03227000e-01
 6.40631000e-01 7.59507000e-01 1.83250000e-02 -1.11376000e-01 2.97645000e-01 2.61928000e-01 1.13077000e-01
 6.86332000e-01 6.40703000e-01 -2.27425000e-01 -2.58314000e-01 3.88566000e-01 1.44670000e-01 8.99990000e-02
 6.68001000e-01 7.42286000e-01 5.13961000e-02 1.19976000e-02 2.49266000e-01 2.75709000e-01 1.38543000e-01
 7.63296000e-01 5.21885000e-01 -2.87623000e-01 -2.49578000e-01 3.96222000e-01 1.26296000e-01 7.69581000e-02
 6.67877000e-01 7.42364000e-01 5.16038000e-02 1.31639000e-02 2.48879000e-01 2.75130000e-01 1.38104000e-01
 6.68581000e-01 7.41651000e-01 5.24273000e-02 1.42919000e-02 2.48733000e-01 2.74970000e-01 1.37241000e-01
 7.66096000e-01 5.15852000e-01 -2.92879000e-01 -2.47416000e-01 3.96386000e-01 1.25257000e-01 7.36713000e-02
 6.70235000e-01 7.40234000e-01 4.99353000e-02 1.85946000e-02 2.48623000e-01 2.77190000e-01 1.39171000e-01
 7.66602000e-01 5.15072000e-01 -2.92441000e-01 -2.47993000e-01 3.97079000e-01 1.24772000e-01 7.32102000e-02
 7.67993000e-01 5.13249000e-01 -2.92457000e-01 -2.47450000e-01 3.97209000e-01 1.26133000e-01 7.25847000e-02
 6.00612000e-01 7.94237000e-01 2.17207000e-02 -8.93368000e-02 2.91375000e-01 2.68035000e-01 1.10679000e-01
 4.58316000e-01 8.22421000e-01 -3.18662000e-01 -1.09654000e-01 3.62327000e-01 1.41116000e-01 2.41417000e-01
 6.61148000e-01 7.48289000e-01 3.46462000e-02 -4.17881000e-02 2.71387000e-01 2.71022000e-01 1.37516000e-01
