 6.37519000e-01 7.44215000e-01 -1.34218000e-01 -1.47304000e-01 3.51158000e-01 2.11016000e-01 1.39891000e-01
 6.36549000e-01 7.44428000e-01 -1.31267000e-01 -1.52977000e-01 3.51570000e-01 2.09395000e-01 1.38834000e-01
 6.31103000e-01 7.50244000e-01 -1.38924000e-01 -1.39797000e-01 3.45269000e-01 2.08641000e-01 1.45721000e-01
 6.38958000e-01 7.40760000e-01 -1.31821000e-01 -1.60097000e-01 3.50327000e-01 2.07094000e-01 1.33626000e-01
 6.33304000e-01 7.48798000e-01 -1.41646000e-01 -1.34774000e-01 3.48520000e-01 2.06791000e-01 1.50512000e-01
 6.33188000e-01 7.44217000e-01 -1.35212000e-01 -1.64106000e-01 3.51662000e-01 2.03986000e-01 1.31374000e-01
 6.33227000e-01 7.48016000e-01 -1.34054000e-01 -1.46716000e-01 3.50973000e-01 2.14724000e-01 1.38253000e-01
 6.31745000e-01 7.50927000e-01 -1.32373000e-01 -1.39588000e-01 3.43495000e-01 2.00375000e-01 1.51692000e-01
 6.34498000e-01 7.45726000e-01 -1.36077000e-01 -1.50957000e-01 3.50997000e-01 2.08230000e-01 1.41552000e-01
 6.31193000e-01 7.41466000e-01 -1.40695000e-01 -1.78964000e-01 3.57025000e-01 2.05997000e-01 1.23879000e-01
 6.37752000e-01 7.36599000e-01 -1.39649000e-01 -1.76616000e-01 3.55975000e-01 1.98647000e-01 1.25678000e-01
 6.41298000e-01 7.41923000e-01 -1.33235000e-01 -1.43302000e-01 3.51283000e-01 2.17929000e-01 1.42333000e-01
 6.39345000e-01 7.34880000e-01 -1.39484000e-01 -1.78139000e-01 3.57137000e-01 1.98688000e-01 1.24983000e-01
 6.39989000e-01 7.39119000e-01 -1.34340000e-01 -1.61465000e-01 3.51175000e-01 2.08486000e-01 1.42078000e-01
 6.28325000e-01 7.50638000e-01 -1.63201000e-01 -1.22943000e-01 3.50220000e-01 2.05361000e-01 1.55280000e-01
 6.27493000e-01 7.50744000e-01 -1.67058000e-01 -1.21357000e-01 3.48988000e-01 2.05293000e-01 1.55116000e-01
 6.32089000e-01 7.50534000e-01 -1.30710000e-01 -1.41695000e-01 3.43409000e-01 2.02658000e-01 1.47759000e-01
 6.31473000e-01 7.50976000e-01 -1.43869000e-01 -1.28758000e-01 3.49238000e-01 2.12577000e-01 1.54762000e-01
 6.41343000e-01 7.41783000e-01 -1.32136000e-01 -1.44834000e-01 3.49865000e-01 2.19784000e-01 1.41451000e-01
 6.29306000e-01 7.54229000e-01 -1.41865000e-01 -1.22418000e-01 3.46936000e-01 2.16157000e-01 1.57872000e-01
 6.30217000e-01 7.50594000e-01 -1.39641000e-01 -1.41195000e-01 3.43929000e-01 2.06939000e-01 1.46015000e-01
 6.28201000e-01 7.55743000e-01 -1.37370000e-01 -1.23878000e-01 3.46226000e-01 2.16698000e-01 1.60256000e-01
 6.26854000e-01 7.48963000e-01 -1.79084000e-01 -1.18479000e-01 3.49818000e-01 2.03288000e-01 1.60056000e-01
 6.45082000e-01 7.27935000e-01 -1.47747000e-01 -1.79308000e-01 3.59711000e-01 1.95804000e-01 1.22460000e-01
 6.47178000e-01 7.22993000e-01 -1.52193000e-01 -1.87826000e-01 3.60268000e-01 1.94686000e-01 1.22325000e-01
 6.51272000e-01 7.18417000e-01 -1.53898000e-01 -1.89833000e-01 3.61321000e-01 1.90341000e-01 1.20887000e-01
 6.36731000e-01 7.40153000e-01 -1.81451000e-01 -1.17565000e-01 3.49936000e-01 2.03237000e-01 1.63328000e-01
 6.15742000e-01 7.52924000e-01 -1.95367000e-01 -1.25693000e-01 3.54251000e-01 2.04279000e-01 1.68631000e-01
 6.14241000e-01 7.53764000e-01 -1.99574000e-01 -1.21318000e-01 3.55066000e-01 2.03059000e-01 1.70315000e-01
 6.34978000e-01 7.44833000e-01 -1.37213000e-01 -1.52311000e-01 3.52357000e-01 2.07423000e-01 1.42634000e-01
 6.50700000e-01 7.14201000e-01 -1.66018000e-01 -1.97344000e-01 3.64527000e-01 1.82491000e-01 1.17444000e-01
 6.09340000e-01 7.57990000e-01 -2.00857000e-01 -1.17528000e-01 3.55272000e-01 2.01932000e-01 1.70874000e-01
 6.26860000e-01 7.57284000e-01 -1.34213000e-01 -1.24717000e-01 3.46115000e-01 2.18357000e-01 1.62079000e-01
 6.33089000e-01 7.53397000e-01 -1.29864000e-01 -1.21356000e-01 3.36550000e-01 2.01026000e-01 1.46597000e-01
 6.49343000e-01 7.11355000e-01 -1.73056000e-01 -2.05862000e-01 3.69220000e-01 1.83250000e-01 1.14247000e-01
 6.26491000e-01 7.55489000e-01 -1.43910000e-01 -1.26630000e-01 3.45363000e-01 2.14543000e-01 1.55054000e-01
 6.33686000e-01 7.44701000e-01 -1.30806000e-01 -1.63564000e-01 3.51338000e-01 2.05257000e-01 1.32031000e-01
 6.25859000e-01 7.46435000e-01 -1.30106000e-01 -1.84953000e-01 3.54766000e-01 2.08472000e-01 1.17123000e-01
 6.24098000e-01 7.59726000e-01 -1.32726000e-01 -1.25308000e-01 3.46218000e-01 2.19714000e-01 1.63297000e-01
 6.31207000e-01 7.41301000e-01 -1.26990000e-01 -1.89538000e-01 3.55828000e-01 2.11141000e-01 1.19732000e-01
 6.45346000e-01 7.13131000e-01 -1.74716000e-01 -2.10824000e-01 3.73740000e-01 1.84742000e-01 1.12450000e-01
 6.33964000e-01 7.53290000e-01 -1.27707000e-01 -1.19733000e-01 3.35813000e-01 2.00773000e-01 1.46585000e-01
 6.24106000e-01 7.47879000e-01 -1.29528000e-01 -1.85447000e-01 3.55626000e-01 2.08449000e-01 1.17049000e-01
 6.33342000e-01 7.54724000e-01 -1.26246000e-01 -1.15458000e-01 3.34336000e-01 1.99815000e-01 1.44627000e-01
 6.41777000e-01 7.47472000e-01 -1.15329000e-01 -1.26915000e-01 3.40686000e-01 2.27725000e-01 1.32267000e-01
 6.36590000e-01 7.39696000e-01 -1.85575000e-01 -1.14738000e-01 3.51064000e-01 2.04092000e-01 1.60893000e-01
 6.24125000e-01 7.60701000e-01 -1.30340000e-01 -1.21708000e-01 3.46403000e-01 2.21257000e-01 1.63871000e-01
 5.98479000e-01 7.59813000e-01 -2.25183000e-01 -1.17471000e-01 3.58114000e-01 1.89960000e-01 1.83081000e-01
 6.51680000e-01 7.05133000e-01 -1.73688000e-01 -2.18935000e-01 3.71272000e-01 1.75010000e-01 1.11615000e-01
 5.98652000e-01 7.59537000e-01 -2.26564000e-01 -1.15709000e-01 3.57812000e-01 1.89002000e-01 1.83287000e-01
 6.54930000e-01 6.98435000e-01 -1.79171000e-01 -2.26170000e-01 3.75301000e-01 1.74756000e-01 1.10784000e-01
 5.95579000e-01 7.65559000e-01 -2.17552000e-01 -1.08978000e-01 3.54022000e-01 1.95486000e-01 1.79001000e-01
 6.53205000e-01 7.01743000e-01 -1.78108000e-01 -2.21717000e-01 3.72376000e-01 1.72916000e-01 1.10593000e-01
 6.36095000e-01 7.54634000e-01 -1.04873000e-01 -1.22120000e-01 3.30201000e-01 2.33471000e-01 1.23055000e-01
 6.35379000e-01 7.57078000e-01 -9.53927000e-02 -1.18433000e-01 3.26958000e-01 2.35472000e-01 1.19886000e-01
 5.95960000e-01 7.58896000e-01 -2.34783000e-01 -1.17414000e-01 3.61124000e-01 1.92253000e-01 1.90023000e-01
 6.58031000e-01 6.87234000e-01 -1.90555000e-01 -2.41648000e-01 3.79997000e-01 1.70145000e-01 1.03419000e-01
 6.34965000e-01 7.58233000e-01 -9.05398000e-02 -1.17070000e-01 3.25974000e-01 2.39697000e-01 1.17522000e-01
 6.35542000e-01 7.58117000e-01 -9.14014000e-02 -1.13976000e-01 3.24824000e-01 2.41508000e-01 1.18711000e-01
 6.28978000e-01 7.48674000e-01 -1.69403000e-01 -1.23191000e-01 3.47868000e-01 2.05284000e-01 1.56120000e-01
 6.56036000e-01 7.19443000e-01 -2.08053000e-01 -9.34429000e-02 3.50913000e-01 2.10440000e-01 1.65764000e-01
 6.30411000e-01 7.49504000e-01 -1.40517000e-01 -1.45192000e-01 3.47925000e-01 2.11631000e-01 1.46210000e-01
 6.36430000e-01 7.58043000e-01 -8.92967000e-02 -1.11151000e-01 3.22894000e-01 2.42024000e-01 1.20259000e-01
 5.91630000e-01 7.59923000e-01 -2.44238000e-01 -1.13311000e-01 3.61972000e-01 1.91664000e-01 1.92231000e-01
 6.55867000e-01 7.19467000e-01 -2.09115000e-01 -9.20701000e-02 3.51530000e-01 2.11431000e-01 1.65544000e-01
 6.52232000e-01 6.90282000e-01 -1.96221000e-01 -2.44134000e-01 3.79949000e-01 1.67828000e-01 1.00097000e-01
 6.33191000e-01 7.49087000e-01 -1.35119000e-01 -1.40289000e-01 3.45376000e-01 2.03747000e-01 1.46769000e-01
 6.38540000e-01 7.57499000e-01 -7.70635000e-02 -1.11907000e-01 3.21025000e-01 2.44808000e-01 1.13891000e-01
 5.87629000e-01 7.63167000e-01 -2.44272000e-01 -1.12245000e-01 3.61565000e-01 1.91435000e-01 1.93288000e-01
 5.90510000e-01 7.60477000e-01 -2.38249000e-01 -1.27317000e-01 3.64349000e-01 1.82908000e-01 1.93148000e-01
 6.39229000e-01 7.38741000e-01 -1.35708000e-01 -1.65019000e-01 3.53613000e-01 2.08986000e-01 1.41265000e-01
 6.33589000e-01 7.63576000e-01 -7.10357000e-02 -1.02329000e-01 3.17292000e-01 2.45634000e-01 1.10222000e-01
 5.94136000e-01 7.58527000e-01 -2.43281000e-01 -1.11600000e-01 3.62211000e-01 1.93150000e-01 1.92671000e-01
 6.41343000e-01 7.39604000e-01 -1.28260000e-01 -1.58791000e-01 3.49578000e-01 2.03280000e-01 1.34214000e-01
 6.29876000e-01 7.52422000e-01 -1.33640000e-01 -1.38771000e-01 3.45506000e-01 2.08906000e-01 1.41081000e-01
 6.55258000e-01 6.88196000e-01 -1.93736000e-01 -2.43904000e-01 3.80283000e-01 1.68887000e-01 9.92929000e-02
 6.33436000e-01 7.65145000e-01 -6.38211000e-02 -9.61220000e-02 3.16229000e-01 2.49495000e-01 1.08390000e-01
 6.52268000e-01 7.03111000e-01 -1.78066000e-01 -2.20167000e-01 3.73424000e-01 1.76055000e-01 1.10350000e-01
 6.34531000e-01 7.64713000e-01 -5.87879000e-02 -9.55450000e-02 3.15894000e-01 2.50825000e-01 1.08414000e-01
 6.57338000e-01 6.77865000e-01 -2.15915000e-01 -2.48567000e-01 3.84806000e-01 1.59112000e-01 9.94392000e-02
 6.38556000e-01 7.57502000e-01 -7.09119000e-02 -1.15793000e-01 3.21373000e-01 2.46272000e-01 1.14083000e-01
 6.34114000e-01 7.48589000e-01 -1.41032000e-01 -1.32756000e-01 3.46383000e-01 2.08714000e-01 1.50245000e-01
 6.39097000e-01 7.44686000e-01 -1.34947000e-01 -1.37064000e-01 3.42371000e-01 2.06261000e-01 1.48793000e-01
 6.10726000e-01 7.57288000e-01 -1.99292000e-01 -1.17516000e-01 3.57063000e-01 2.00368000e-01 1.71675000e-01
 6.36701000e-01 7.37599000e-01 -1.38838000e-01 -1.76874000e-01 3.56490000e-01 1.97760000e-01 1.24127000e-01
 5.76054000e-01 7.67278000e-01 -2.48768000e-01 -1.32521000e-01 3.68417000e-01 1.77765000e-01 1.99942000e-01
 6.33371000e-01 7.48729000e-01 -1.34604000e-01 -1.41874000e-01 3.45083000e-01 2.03857000e-01 1.47782000e-01
 6.32019000e-01 7.66829000e-01 -5.36963000e-02 -9.81946000e-02 3.12577000e-01 2.55841000e-01 1.03532000e-01
 6.36191000e-01 7.37505000e-01 -1.39645000e-01 -1.78454000e-01 3.54942000e-01 1.97727000e-01 1.23053000e-01
 6.58276000e-01 6.75096000e-01 -2.17607000e-01 -2.52122000e-01 3.85369000e-01 1.59085000e-01 9.86197000e-02
 6.60368000e-01 6.72732000e-01 -2.17753000e-01 -2.52843000e-01 3.84792000e-01 1.58377000e-01 9.78154000e-02
 6.32601000e-01 7.40206000e-01 -1.40433000e-01 -1.79416000e-01 3.54388000e-01 2.06375000e-01 1.22994000e-01
 6.58991000e-01 6.80461000e-01 -2.07325000e-01 -2.44378000e-01 3.82587000e-01 1.59147000e-01 1.00032000e-01
 6.31970000e-01 7.46103000e-01 -1.73786000e-01 -1.17232000e-01 3.48896000e-01 2.04233000e-01 1.58465000e-01
 6.33774000e-01 7.66617000e-01 -4.33471000e-02 -9.35471000e-02 3.06795000e-01 2.52462000e-01 1.08056000e-01
 6.33282000e-01 7.67878000e-01 -3.93083000e-02 -8.81569000e-02 3.07161000e-01 2.54578000e-01 1.09478000e-01
 6.34951000e-01 7.62108000e-01 -7.24073000e-02 -1.03859000e-01 3.18077000e-01 2.44109000e-01 1.09607000e-01
 6.31796000e-01 7.41431000e-01 -1.38871000e-01 -1.78408000e-01 3.58602000e-01 2.05085000e-01 1.24118000e-01
 6.24885000e-01 7.74548000e-01 -2.22859000e-02 -9.53836000e-02 3.02980000e-01 2.59460000e-01 1.13278000e-01
 6.63008000e-01 6.67521000e-01 -2.18983000e-01 -2.58616000e-01 3.86848000e-01 1.56101000e-01 9.73216000e-02
 6.27281000e-01 7.72763000e-01 -1.25925000e-02 -9.59058000e-02 3.01682000e-01 2.61652000e-01 1.14163000e-01
 6.27791000e-01 7.72689000e-01 -7.58187000e-03 -9.36627000e-02 2.98589000e-01 2.61680000e-01 1.15050000e-01
 6.17843000e-01 7.80890000e-01 -6.35489000e-03 -9.18750000e-02 2.99530000e-01 2.61162000e-01 1.12351000e-01
 6.35389000e-01 7.45658000e-01 -1.34890000e-01 -1.48595000e-01 3.51947000e-01 2.12429000e-01 1.38242000e-01
 6.29033000e-01 7.71555000e-01 -5.17167000e-03 -9.48340000e-02 2.98719000e-01 2.62681000e-01 1.15534000e-01
 6.08580000e-01 7.58164000e-01 -2.02522000e-01 -1.17483000e-01 3.55412000e-01 2.03957000e-01 1.71177000e-01
 6.30060000e-01 7.71470000e-01 -2.88320000e-03 -8.85992000e-02 2.98580000e-01 2.65761000e-01 1.19158000e-01
 5.68816000e-01 7.72598000e-01 -2.49340000e-01 -1.31800000e-01 3.64960000e-01 1.76160000e-01 2.03686000e-01
 6.07775000e-01 7.89249000e-01 6.45636000e-03 -8.74852000e-02 2.95088000e-01 2.66362000e-01 1.14411000e-01
 6.69993000e-01 6.57196000e-01 -2.31955000e-01 -2.55735000e-01 3.87248000e-01 1.44885000e-01 9.85065000e-02
 5.61962000e-01 7.75507000e-01 -2.58462000e-01 -1.26432000e-01 3.65659000e-01 1.72779000e-01 2.00422000e-01
 6.05047000e-01 7.90947000e-01 1.22099000e-02 -9.03926000e-02 2.93490000e-01 2.66687000e-01 1.11345000e-01
 6.32195000e-01 7.70090000e-01 3.24347000e-05 -8.53868000e-02 2.98037000e-01 2.67069000e-01 1.20652000e-01
 6.61901000e-01 6.86080000e-01 -1.86300000e-01 -2.37642000e-01 3.78596000e-01 1.69340000e-01 1.05185000e-01
 6.91712000e-01 6.30924000e-01 -2.36441000e-01 -2.59933000e-01 3.89485000e-01 1.40760000e-01 9.44155000e-02
 6.07232000e-01 7.59058000e-01 -2.04321000e-01 -1.15557000e-01 3.54520000e-01 2.02354000e-01 1.69238000e-01
 6.94079000e-01 6.26023000e-01 -2.40831000e-01 -2.61437000e-01 3.91678000e-01 1.39658000e-01 9.41580000e-02
 5.43444000e-01 7.86594000e-01 -2.64449000e-01 -1.26510000e-01 3.65702000e-01 1.68946000e-01 2.01570000e-01
 6.92847000e-01 6.23299000e-01 -2.46895000e-01 -2.65526000e-01 3.91945000e-01 1.38986000e-01 9.27632000e-02
 6.92397000e-01 6.22724000e-01 -2.48853000e-01 -2.66220000e-01 3.93698000e-01 1.38852000e-01 9.11952000e-02
 6.63903000e-01 7.11514000e-01 -2.14785000e-01 -8.27520000e-02 3.51034000e-01 2.14001000e-01 1.65972000e-01
 5.22542000e-01 7.98034000e-01 -2.72842000e-01 -1.25095000e-01 3.65159000e-01 1.63742000e-01 2.11747000e-01
 6.42667000e-01 7.47037000e-01 -1.14588000e-01 -1.25635000e-01 3.36845000e-01 2.28774000e-01 1.29342000e-01
 5.21049000e-01 7.98620000e-01 -2.73249000e-01 -1.26681000e-01 3.64941000e-01 1.64163000e-01 2.12316000e-01
 6.28513000e-01 7.53712000e-01 -1.35229000e-01 -1.36390000e-01 3.44089000e-01 2.10189000e-01 1.39985000e-01
 5.20513000e-01 7.97506000e-01 -2.76518000e-01 -1.28790000e-01 3.66840000e-01 1.62152000e-01 2.15010000e-01
 5.18666000e-01 7.98014000e-01 -2.81426000e-01 -1.22306000e-01 3.65068000e-01 1.64867000e-01 2.10441000e-01
 6.96110000e-01 6.07790000e-01 -2.53957000e-01 -2.85532000e-01 3.96348000e-01 1.32800000e-01 9.08175000e-02
 6.00179000e-01 7.93737000e-01 3.39581000e-02 -9.28048000e-02 2.90280000e-01 2.70984000e-01 1.06031000e-01
 5.29203000e-01 7.94585000e-01 -2.70050000e-01 -1.25106000e-01 3.64395000e-01 1.64231000e-01 2.07280000e-01
 5.11625000e-01 8.00668000e-01 -2.90203000e-01 -1.13808000e-01 3.65514000e-01 1.62004000e-01 2.07427000e-01
 6.54940000e-01 6.87580000e-01 -1.94742000e-01 -2.45689000e-01 3.80673000e-01 1.70488000e-01 9.83773000e-02
 6.29615000e-01 7.41773000e-01 -1.36463000e-01 -1.86375000e-01 3.55480000e-01 2.07689000e-01 1.22389000e-01
 6.40959000e-01 7.64170000e-01 1.08447000e-02 -7.14067000e-02 2.89227000e-01 2.70962000e-01 1.29820000e-01
 6.28425000e-01 7.50990000e-01 -1.41629000e-01 -1.45041000e-01 3.47039000e-01 2.12504000e-01 1.49261000e-01
 6.40109000e-01 7.49259000e-01 -1.16281000e-01 -1.23897000e-01 3.37720000e-01 2.27462000e-01 1.31289000e-01
 6.33532000e-01 7.48022000e-01 -1.35920000e-01 -1.43618000e-01 3.50216000e-01 2.09130000e-01 1.41826000e-01
 5.99488000e-01 7.94029000e-01 3.74374000e-02 -9.34346000e-02 2.89384000e-01 2.72454000e-01 1.02908000e-01
 6.46759000e-01 7.59328000e-01 2.23335000e-02 -6.80083000e-02 2.82265000e-01 2.69173000e-01 1.35071000e-01
 6.44795000e-01 7.61018000e-01 1.97034000e-02 -6.85769000e-02 2.83232000e-01 2.72640000e-01 1.32828000e-01
 6.97048000e-01 6.03545000e-01 -2.55716000e-01 -2.90632000e-01 3.96788000e-01 1.22801000e-01 8.78531000e-02
 5.11929000e-01 7.98869000e-01 -2.87094000e-01 -1.31582000e-01 3.67209000e-01 1.61313000e-01 2.21359000e-01
 6.35232000e-01 7.38698000e-01 -1.43276000e-01 -1.74003000e-01 3.55616000e-01 2.01177000e-01 1.30186000e-01
 5.99407000e-01 7.93802000e-01 3.91764000e-02 -9.51591000e-02 2.88666000e-01 2.72130000e-01 1.02089000e-01
 6.43840000e-01 7.62039000e-01 2.06189000e-02 -6.58939000e-02 2.83404000e-01 2.74405000e-01 1.33522000e-01
 6.37933000e-01 7.38063000e-01 -1.86596000e-01 -1.16131000e-01 3.50454000e-01 2.03728000e-01 1.60064000e-01
 6.48285000e-01 7.22086000e-01 -1.52013000e-01 -1.87644000e-01 3.61774000e-01 1.97362000e-01 1.23943000e-01
 6.50077000e-01 7.14064000e-01 -1.67782000e-01 -1.98399000e-01 3.66456000e-01 1.83666000e-01 1.15438000e-01
 6.29965000e-01 7.50294000e-01 -1.49652000e-01 -1.33441000e-01 3.46821000e-01 2.08419000e-01 1.49783000e-01
 6.60812000e-01 7.48702000e-01 3.35635000e-02 -4.05734000e-02 2.72086000e-01 2.72693000e-01 1.36754000e-01
 6.44339000e-01 7.60446000e-01 3.80881000e-02 -7.14055000e-02 2.78753000e-01 2.69326000e-01 1.41566000e-01
 6.38291000e-01 7.56967000e-01 -8.58729000e-02 -1.10500000e-01 3.22267000e-01 2.41210000e-01 1.15589000e-01
 5.77266000e-01 7.66496000e-01 -2.50047000e-01 -1.29322000e-01 3.67226000e-01 1.79107000e-01 2.00924000e-01
 6.66681000e-01 7.42983000e-01 3.56651000e-02 -4.73362000e-02 2.73103000e-01 2.77684000e-01 1.34252000e-01
 6.30186000e-01 7.49381000e-01 -1.54651000e-01 -1.31819000e-01 3.46758000e-01 2.06878000e-01 1.53083000e-01
 6.36789000e-01 7.39430000e-01 -1.84118000e-01 -1.17656000e-01 3.50878000e-01 1.99260000e-01 1.61690000e-01
 4.86694000e-01 8.10343000e-01 -3.06248000e-01 -1.12631000e-01 3.64140000e-01 1.51184000e-01 2.35404000e-01
 7.27488000e-01 5.75475000e-01 -2.65958000e-01 -2.62405000e-01 3.95074000e-01 1.30554000e-01 7.82517000e-02
 4.78613000e-01 8.14503000e-01 -3.06238000e-01 -1.17184000e-01 3.63299000e-01 1.49952000e-01 2.36178000e-01
 7.32899000e-01 5.68312000e-01 -2.69186000e-01 -2.59651000e-01 3.94063000e-01 1.29324000e-01 7.94798000e-02
 7.29122000e-01 5.71186000e-01 -2.72498000e-01 -2.60525000e-01 3.96512000e-01 1.31889000e-01 7.53830000e-02
 7.36931000e-01 5.63597000e-01 -2.68716000e-01 -2.59003000e-01 3.93810000e-01 1.28944000e-01 8.14637000e-02
 7.28257000e-01 5.69026000e-01 -2.77078000e-01 -2.62830000e-01 3.95724000e-01 1.32746000e-01 7.37779000e-02
 6.26336000e-01 7.73466000e-01 -1.40662000e-02 -9.61999000e-02 3.02146000e-01 2.62836000e-01 1.13898000e-01
 6.30397000e-01 7.41526000e-01 -1.37030000e-01 -1.84284000e-01 3.56650000e-01 2.07531000e-01 1.19712000e-01
 5.44342000e-01 7.87076000e-01 -2.61787000e-01 -1.25181000e-01 3.64104000e-01 1.70101000e-01 2.02391000e-01
 5.99538000e-01 7.61522000e-01 -2.19829000e-01 -1.10963000e-01 3.55819000e-01 1.97899000e-01 1.78745000e-01
 4.73696000e-01 8.17871000e-01 -3.06012000e-01 -1.14264000e-01 3.62381000e-01 1.47143000e-01 2.35699000e-01
 6.83935000e-01 6.43683000e-01 -2.26146000e-01 -2.58384000e-01 3.87544000e-01 1.47726000e-01 9.24042000e-02
 7.30677000e-01 5.69952000e-01 -2.73579000e-01 -2.57722000e-01 3.95375000e-01 1.30728000e-01 7.25653000e-02
 6.03515000e-01 7.64276000e-01 -1.20541000e-01 -1.92667000e-01 3.62004000e-01 2.10192000e-01 1.09730000e-01
 6.65174000e-01 7.45277000e-01 4.51850000e-02 -7.96612000e-03 2.57258000e-01 2.75272000e-01 1.38195000e-01
 4.73495000e-01 8.16754000e-01 -3.10225000e-01 -1.11696000e-01 3.61284000e-01 1.45447000e-01 2.37392000e-01
 6.56723000e-01 7.53153000e-01 3.31235000e-02 -1.94496000e-02 2.65374000e-01 2.81535000e-01 1.46084000e-01
 6.37178000e-01 7.42561000e-01 -1.33262000e-01 -1.57633000e-01 3.47859000e-01 2.09512000e-01 1.38095000e-01
 6.29809000e-01 7.53105000e-01 -1.41336000e-01 -1.27267000e-01 3.44711000e-01 2.15927000e-01 1.58334000e-01
 6.29715000e-01 7.49713000e-01 -1.42338000e-01 -1.45362000e-01 3.49412000e-01 2.11319000e-01 1.46466000e-01
 6.28024000e-01 7.55317000e-01 -1.38534000e-01 -1.26054000e-01 3.47116000e-01 2.15647000e-01 1.61579000e-01
 6.36649000e-01 7.67219000e-01 5.47041000e-03 -7.76097000e-02 2.93948000e-01 2.67223000e-01 1.26118000e-01
 6.93929000e-01 6.00030000e-01 -2.54080000e-01 -3.06383000e-01 3.98795000e-01 1.19712000e-01 8.46678000e-02
 6.31617000e-01 7.41041000e-01 -1.42214000e-01 -1.78027000e-01 3.57407000e-01 2.04213000e-01 1.23212000e-01
 7.57987000e-01 5.27036000e-01 -2.84939000e-01 -2.57875000e-01 3.95957000e-01 1.28653000e-01 8.02644000e-02
 6.67773000e-01 7.42638000e-01 5.05577000e-02 -3.40688000e-03 2.54921000e-01 2.75156000e-01 1.37152000e-01
 6.03601000e-01 7.61605000e-01 -2.06635000e-01 -1.13692000e-01 3.55408000e-01 1.99287000e-01 1.72956000e-01
 6.37874000e-01 7.41794000e-01 -1.33003000e-01 -1.58647000e-01 3.47870000e-01 2.09252000e-01 1.37876000e-01
 4.66467000e-01 8.20142000e-01 -3.11112000e-01 -1.13950000e-01 3.62226000e-01 1.43054000e-01 2.40537000e-01
 6.32870000e-01 7.47501000e-01 -1.41786000e-01 -1.43574000e-01 3.47015000e-01 2.06865000e-01 1.46865000e-01
 6.32274000e-01 7.40259000e-01 -1.43148000e-01 -1.78198000e-01 3.56494000e-01 2.04032000e-01 1.25382000e-01
 6.92957000e-01 5.99243000e-01 -2.52080000e-01 -3.11727000e-01 3.99341000e-01 1.18392000e-01 8.36940000e-02
 6.67877000e-01 7.42364000e-01 5.16038000e-02 1.31639000e-02 2.48879000e-01 2.75130000e-01 1.38104000e-01
 7.66751000e-01 5.17139000e-01 -2.83751000e-01 -2.53269000e-01 3.97947000e-01 1.28890000e-01 8.17609000e-02
 4.62088000e-01 8.21407000e-01 -3.14659000e-01 -1.12935000e-01 3.61277000e-01 1.41943000e-01 2.40085000e-01
 7.67993000e-01 5.13249000e-01 -2.92457000e-01 -2.47450000e-01 3.97209000e-01 1.26133000e-01 7.25847000e-02
 6.00612000e-01 7.94237000e-01 2.17207000e-02 -8.93368000e-02 2.91375000e-01 2.68035000e-01 1.10679000e-01
 7.70431000e-01 5.09140000e-01 -2.94105000e-01 -2.46403000e-01 3.96192000e-01 1.27140000e-01 6.92656000e-02
 6.70348000e-01 7.40070000e-01 4.99406000e-02 2.08592000e-02 2.47939000e-01 2.77119000e-01 1.38893000e-01
 7.72292000e-01 5.07358000e-01 -2.94469000e-01 -2.43803000e-01 3.98886000e-01 1.26575000e-01 6.98596000e-02
 6.50689000e-01 7.21004000e-01 -1.47467000e-01 -1.87114000e-01 3.59858000e-01 1.94926000e-01 1.21441000e-01
 7.67801000e-01 5.14714000e-01 -2.84348000e-01 -2.54357000e-01 3.99381000e-01 1.29315000e-01 8.22531000e-02
 7.70294000e-01 5.07523000e-01 -2.96139000e-01 -2.47730000e-01 3.96317000e-01 1.27465000e-01 6.89965000e-02
