 -6.04130000e-02 9.57530000e-01 -5.98815000e-03 -2.81871000e-01 3.77492000e-01 9.16301000e-02 4.43226000e-01
 -5.42930000e-02 9.60916000e-01 1.23775000e-02 -2.71181000e-01 3.75039000e-01 1.10028000e-01 4.49059000e-01
 -6.19517000e-02 9.54710000e-01 -1.32596000e-02 -2.90715000e-01 3.79312000e-01 9.64568000e-02 4.39215000e-01
 -4.67067000e-02 9.61515000e-01 -3.19225000e-02 -2.68865000e-01 3.73088000e-01 7.00718000e-02 4.49809000e-01
 -5.91779000e-02 9.55089000e-01 -1.31880000e-02 -2.90049000e-01 3.79892000e-01 9.66669000e-02 4.40131000e-01
 -6.28062000e-02 9.49357000e-01 -2.63847000e-02 -3.06726000e-01 3.82166000e-01 1.03257000e-01 4.31850000e-01
 -9.23244000e-02 9.61918000e-01 1.06755000e-02 -2.57052000e-01 3.70591000e-01 1.29925000e-01 4.53183000e-01
 -9.27719000e-02 9.61880000e-01 1.02222000e-02 -2.57053000e-01 3.71025000e-01 1.30826000e-01 4.52379000e-01
 -9.37383000e-02 9.61704000e-01 7.45699000e-03 -2.57453000e-01 3.70804000e-01 1.32361000e-01 4.52452000e-01
 -1.17647000e-01 9.65109000e-01 4.62020000e-02 -2.29322000e-01 3.63976000e-01 5.36189000e-02 4.63607000e-01
 -3.86938000e-02 9.63033000e-01 2.03060000e-02 -2.65817000e-01 3.73152000e-01 1.13248000e-01 4.50586000e-01
 -5.86276000e-02 9.51978000e-01 -3.08101000e-02 -2.98917000e-01 3.80410000e-01 6.69492000e-02 4.35343000e-01
 -9.70228000e-02 9.61247000e-01 1.04994000e-02 -2.57838000e-01 3.71085000e-01 1.33422000e-01 4.51908000e-01
 -6.19571000e-02 9.49501000e-01 -3.10450000e-02 -3.06016000e-01 3.82816000e-01 6.22144000e-02 4.33094000e-01
 -5.99755000e-02 9.46373000e-01 -3.87321000e-02 -3.15087000e-01 3.83819000e-01 5.89586000e-02 4.27951000e-01
 -1.77824000e-02 9.63028000e-01 2.84563000e-02 -2.67305000e-01 3.74529000e-01 1.21418000e-01 4.51580000e-01
 -1.45406000e-02 9.62073000e-01 3.05480000e-02 -2.70687000e-01 3.74511000e-01 1.22773000e-01 4.50154000e-01
 -9.89172000e-02 9.60757000e-01 1.30749000e-02 -2.58823000e-01 3.71474000e-01 1.34011000e-01 4.52264000e-01
 -5.38811000e-03 9.63247000e-01 2.83358000e-02 -2.67066000e-01 3.73997000e-01 1.26440000e-01 4.51833000e-01
 -1.00025000e-01 9.75140000e-01 9.91904000e-02 -1.71052000e-01 3.47047000e-01 5.55558000e-02 4.91038000e-01
 -5.35105000e-02 9.43353000e-01 -4.10624000e-02 -3.24862000e-01 3.86285000e-01 5.21413000e-02 4.23961000e-01
 -6.52363000e-03 9.63230000e-01 -8.93485000e-02 -2.53302000e-01 3.69743000e-01 5.46786000e-02 4.60347000e-01
 -1.15159000e-01 9.65162000e-01 4.83655000e-02 -2.29917000e-01 3.65143000e-01 5.60421000e-02 4.65415000e-01
 -4.10932000e-02 9.62623000e-01 -4.58058000e-02 -2.63760000e-01 3.72002000e-01 6.64009000e-02 4.52982000e-01
 -2.19735000e-02 9.62703000e-01 -7.88619000e-02 -2.57876000e-01 3.70434000e-01 6.15740000e-02 4.57983000e-01
 -1.01067000e-01 9.60297000e-01 1.59134000e-02 -2.59542000e-01 3.71971000e-01 1.34496000e-01 4.52503000e-01
 -1.10262000e-01 9.77747000e-01 1.10223000e-01 -1.40372000e-01 3.36366000e-01 5.21956000e-02 5.00183000e-01
 -5.15063000e-02 9.39284000e-01 -3.80843000e-02 -3.37107000e-01 3.89053000e-01 4.76196000e-02 4.19903000e-01
 -1.33721000e-01 9.77023000e-01 1.00414000e-01 -1.32143000e-01 3.36187000e-01 5.01277000e-02 5.04791000e-01
 1.36681000e-02 9.55288000e-01 5.69937000e-02 -2.89810000e-01 3.79323000e-01 1.34862000e-01 4.43102000e-01
 2.27557000e-02 9.62929000e-01 -1.08942000e-01 -2.45728000e-01 3.66074000e-01 4.89139000e-02 4.63553000e-01
 -1.36184000e-01 9.77093000e-01 1.03069000e-01 -1.26963000e-01 3.34507000e-01 5.24450000e-02 5.06904000e-01
 3.57289000e-02 9.62593000e-01 -1.14006000e-01 -2.43187000e-01 3.66026000e-01 4.76745000e-02 4.65026000e-01
 2.24418000e-02 9.53457000e-01 7.06602000e-02 -2.92273000e-01 3.78933000e-01 1.38165000e-01 4.41702000e-01
 2.07912000e-02 9.51669000e-01 7.48221000e-02 -2.97147000e-01 3.78975000e-01 1.41443000e-01 4.39270000e-01
 -4.89769000e-02 9.35751000e-01 -3.33105000e-02 -3.47652000e-01 3.90410000e-01 4.18668000e-02 4.14601000e-01
 2.89568000e-02 9.66496000e-01 9.88214000e-03 -2.54851000e-01 3.70798000e-01 1.43775000e-01 4.56096000e-01
 -1.62283000e-01 9.73570000e-01 1.24940000e-01 -1.01074000e-01 3.25938000e-01 5.07050000e-02 5.13904000e-01
 2.06783000e-02 9.50740000e-01 7.59092000e-02 -2.99840000e-01 3.79612000e-01 1.43429000e-01 4.38152000e-01
 2.93198000e-02 9.66599000e-01 7.07244000e-03 -2.54513000e-01 3.69953000e-01 1.44379000e-01 4.55442000e-01
 -1.68555000e-01 9.73384000e-01 1.20850000e-01 -9.75124000e-02 3.24071000e-01 4.90706000e-02 5.12508000e-01
 1.47320000e-02 9.63875000e-01 -1.00453000e-01 -2.46245000e-01 3.67136000e-01 4.98310000e-02 4.63014000e-01
 -1.69472000e-01 9.74584000e-01 1.16939000e-01 -8.82681000e-02 3.19864000e-01 5.17839000e-02 5.13706000e-01
 -8.33293000e-02 9.62690000e-01 7.06288000e-03 -2.57361000e-01 3.72174000e-01 8.05893000e-02 4.54442000e-01
 -1.63810000e-01 9.75134000e-01 1.22870000e-01 -8.47554000e-02 3.18222000e-01 4.97377000e-02 5.13147000e-01
 -1.72587000e-01 9.74676000e-01 1.14882000e-01 -8.38062000e-02 3.17948000e-01 5.30074000e-02 5.12864000e-01
 6.35885000e-02 9.59410000e-01 -1.34799000e-01 -2.39413000e-01 3.66544000e-01 3.95041000e-02 4.68974000e-01
 6.25428000e-02 9.59183000e-01 -1.38817000e-01 -2.38299000e-01 3.64862000e-01 4.22548000e-02 4.67845000e-01
 6.92900000e-02 9.57373000e-01 -1.43961000e-01 -2.40648000e-01 3.67583000e-01 3.70818000e-02 4.69057000e-01
 2.57700000e-02 9.45997000e-01 7.83139000e-02 -3.13515000e-01 3.83099000e-01 1.51670000e-01 4.31914000e-01
 -4.49389000e-02 9.31782000e-01 -2.66781000e-02 -3.59236000e-01 3.93107000e-01 3.65018000e-02 4.08522000e-01
 -2.26075000e-01 9.60365000e-01 1.47497000e-01 -6.95303000e-02 3.17563000e-01 2.92209000e-02 5.19510000e-01
 -2.31948000e-01 9.57951000e-01 1.55919000e-01 -6.49559000e-02 3.16909000e-01 2.27747000e-02 5.19355000e-01
 5.62069000e-02 9.67280000e-01 -7.56707000e-04 -2.47406000e-01 3.68793000e-01 1.59976000e-01 4.59615000e-01
 -2.33971000e-01 9.57571000e-01 1.56892000e-01 -6.08366000e-02 3.14771000e-01 2.34058000e-02 5.18072000e-01
 -2.35582000e-01 9.55938000e-01 1.63984000e-01 -6.15860000e-02 3.15459000e-01 2.25075000e-02 5.21520000e-01
 -2.34723000e-01 9.57192000e-01 1.58463000e-01 -5.98205000e-02 3.13392000e-01 2.32888000e-02 5.16995000e-01
 7.66843000e-02 9.69284000e-01 2.96268000e-03 -2.33666000e-01 3.64784000e-01 1.68947000e-01 4.63177000e-01
 6.54168000e-02 9.58070000e-01 -1.52224000e-01 -2.33775000e-01 3.63264000e-01 3.32300000e-02 4.72223000e-01
 -2.72961000e-01 9.42803000e-01 1.89628000e-01 -2.56031000e-02 3.03521000e-01 2.96541000e-02 5.24331000e-01
 8.80935000e-02 9.68680000e-01 3.31047000e-03 -2.32137000e-01 3.64282000e-01 1.73597000e-01 4.64105000e-01
 -2.80616000e-01 9.38523000e-01 1.99823000e-01 -2.23830000e-02 3.03285000e-01 2.87483000e-02 5.24123000e-01
 -2.83550000e-01 9.36539000e-01 2.04916000e-01 -2.24519000e-02 3.03562000e-01 2.73412000e-02 5.22680000e-01
 1.03534000e-01 9.68667000e-01 -6.20657000e-03 -2.25670000e-01 3.62333000e-01 1.80500000e-01 4.64315000e-01
 -2.87027000e-01 9.34552000e-01 2.08969000e-01 -2.36482000e-02 3.04753000e-01 2.67522000e-02 5.23912000e-01
 1.06397000e-01 9.68621000e-01 -9.51199000e-03 -2.24416000e-01 3.61574000e-01 1.86372000e-01 4.64355000e-01
 2.13569000e-02 9.65512000e-01 1.23831000e-02 -2.59187000e-01 3.72650000e-01 1.37962000e-01 4.55215000e-01
 -2.93977000e-01 9.28118000e-01 2.27114000e-01 -2.43916000e-02 3.07141000e-01 2.15083000e-02 5.27350000e-01
 3.09266000e-02 9.39437000e-01 9.01438000e-02 -3.29205000e-01 3.84903000e-01 1.60574000e-01 4.24027000e-01
 -1.13255000e-01 9.65590000e-01 5.06344000e-02 -2.28573000e-01 3.64785000e-01 5.76069000e-02 4.65966000e-01
 -3.02388000e-01 9.27692000e-01 2.18058000e-01 2.00112000e-02 2.89684000e-01 3.61152000e-02 5.33191000e-01
 -8.96190000e-02 9.72037000e-01 7.71635000e-02 -2.02876000e-01 3.57362000e-01 5.39145000e-02 4.80563000e-01
 -2.94602000e-01 9.28593000e-01 2.24574000e-01 -2.21787000e-02 3.06221000e-01 2.07633000e-02 5.25950000e-01
 -1.04230000e-01 9.75347000e-01 1.03679000e-01 -1.64573000e-01 3.45060000e-01 5.50204000e-02 4.93017000e-01
 -3.08015000e-01 9.25643000e-01 2.18803000e-01 2.09158000e-02 2.89609000e-01 3.74476000e-02 5.33140000e-01
 -1.73379000e-03 9.63643000e-01 -9.46028000e-02 -2.49880000e-01 3.68954000e-01 5.55006000e-02 4.62508000e-01
 -2.85901000e-01 9.29690000e-01 2.25834000e-01 5.41836000e-02 2.72589000e-01 3.55634000e-02 5.39782000e-01
 1.28176000e-01 9.65912000e-01 -4.02046000e-02 -2.21290000e-01 3.61563000e-01 1.97826000e-01 4.64914000e-01
 -1.35646000e-01 9.76953000e-01 9.94833000e-02 -1.31400000e-01 3.35640000e-01 4.91071000e-02 5.03644000e-01
 -2.88243000e-01 9.28861000e-01 2.25878000e-01 5.57824000e-02 2.72169000e-01 3.45996000e-02 5.40241000e-01
 -4.42211000e-02 9.28672000e-01 -3.31514000e-02 -3.66762000e-01 3.95925000e-01 3.30552000e-02 4.06724000e-01
 1.34615000e-01 9.65134000e-01 -4.28103000e-02 -2.20371000e-01 3.61832000e-01 2.00161000e-01 4.65737000e-01
 1.37802000e-01 9.65187000e-01 -4.13253000e-02 -2.18443000e-01 3.61331000e-01 2.00791000e-01 4.66073000e-01
 -2.82781000e-01 9.30397000e-01 2.24800000e-01 6.21434000e-02 2.68577000e-01 3.61748000e-02 5.42141000e-01
 -2.84839000e-01 9.27870000e-01 2.29987000e-01 7.09237000e-02 2.65791000e-01 3.70892000e-02 5.44544000e-01
 -2.99796000e-01 9.29147000e-01 2.15797000e-01 1.55094000e-02 2.90922000e-01 3.42900000e-02 5.35197000e-01
 -1.23807000e-01 9.78428000e-01 9.98227000e-02 -1.31856000e-01 3.33842000e-01 5.08486000e-02 5.03820000e-01
 -3.08503000e-01 9.25283000e-01 2.19484000e-01 2.24459000e-02 2.89392000e-01 3.60012000e-02 5.32449000e-01
 -2.36013000e-01 9.57109000e-01 1.57424000e-01 -5.88040000e-02 3.14140000e-01 2.14009000e-02 5.17567000e-01
 1.03115000e-01 9.67933000e-01 -6.23909000e-03 -2.28983000e-01 3.63214000e-01 1.78056000e-01 4.64487000e-01
 -8.98491000e-02 9.71769000e-01 7.58860000e-02 -2.04532000e-01 3.58503000e-01 5.50595000e-02 4.79585000e-01
 -2.92886000e-01 9.22134000e-01 2.30960000e-01 1.02681000e-01 2.51619000e-01 4.10842000e-02 5.48760000e-01
 -2.94409000e-01 9.21358000e-01 2.30936000e-01 1.05313000e-01 2.50576000e-01 4.10908000e-02 5.49455000e-01
 -2.96271000e-01 9.18460000e-01 2.36874000e-01 1.12004000e-01 2.48208000e-01 4.28347000e-02 5.47543000e-01
 -3.35401000e-02 9.62291000e-01 -5.48017000e-02 -2.64326000e-01 3.72678000e-01 6.82631000e-02 4.53477000e-01
 -3.15663000e-01 9.12684000e-01 2.57463000e-01 -3.28200000e-02 3.12470000e-01 6.72930000e-03 5.22228000e-01
 -3.19684000e-01 9.10139000e-01 2.61313000e-01 -3.41242000e-02 3.13105000e-01 5.04794000e-03 5.22740000e-01
 -9.45465000e-02 9.70643000e-01 5.71198000e-02 -2.13659000e-01 3.60022000e-01 6.10623000e-02 4.74127000e-01
 -8.22892000e-02 9.62621000e-01 5.38062000e-03 -2.57992000e-01 3.72780000e-01 8.24825000e-02 4.54992000e-01
 -2.93011000e-01 9.18341000e-01 2.42344000e-01 1.09835000e-01 2.49343000e-01 4.19090000e-02 5.51650000e-01
 -3.03832000e-01 9.13642000e-01 2.38895000e-01 1.25990000e-01 2.42715000e-01 4.59790000e-02 5.46265000e-01
 -3.25107000e-01 9.07196000e-01 2.64592000e-01 -3.59397000e-02 3.15291000e-01 2.91113000e-03 5.20883000e-01
 -3.27246000e-01 9.06134000e-01 2.65801000e-01 -3.43707000e-02 3.15429000e-01 1.41144000e-03 5.21370000e-01
 -8.48116000e-02 9.72048000e-01 7.43831000e-02 -2.05906000e-01 3.57887000e-01 5.52765000e-02 4.79140000e-01
 -3.27404000e-01 9.05678000e-01 2.67164000e-01 -3.43100000e-02 3.15182000e-01 6.09163000e-04 5.22308000e-01
 -3.39974000e-02 9.63668000e-01 2.01349000e-02 -2.64165000e-01 3.74048000e-01 1.15964000e-01 4.52664000e-01
 -3.30031000e-01 9.05209000e-01 2.65436000e-01 -3.49339000e-02 3.16475000e-01 1.74200000e-03 5.21473000e-01
 -3.00354000e-01 9.14370000e-01 2.39950000e-01 1.27039000e-01 2.41710000e-01 4.57776000e-02 5.45627000e-01
 8.29378000e-02 9.50043000e-01 -2.08760000e-01 -2.16699000e-01 3.55492000e-01 2.08167000e-02 4.81694000e-01
 8.50980000e-02 9.49765000e-01 -2.10421000e-01 -2.15472000e-01 3.55503000e-01 2.04706000e-02 4.82091000e-01
 -3.38556000e-01 9.08193000e-01 2.44458000e-01 2.83887000e-02 2.90400000e-01 5.21854000e-02 5.29621000e-01
 -3.45288000e-01 9.05008000e-01 2.46907000e-01 2.78218000e-02 2.91981000e-01 5.39535000e-02 5.30869000e-01
 2.06601000e-01 9.53911000e-01 -5.24161000e-02 -2.11241000e-01 3.59532000e-01 2.24724000e-01 4.64816000e-01
 8.37663000e-02 9.49015000e-01 -2.15411000e-01 -2.14364000e-01 3.55219000e-01 1.95307000e-02 4.83374000e-01
 8.53608000e-02 9.48742000e-01 -2.17094000e-01 -2.13243000e-01 3.54598000e-01 1.91824000e-02 4.83866000e-01
 8.52668000e-02 9.48176000e-01 -2.20632000e-01 -2.12164000e-01 3.53281000e-01 1.82653000e-02 4.83469000e-01
 8.64493000e-02 9.45972000e-01 -2.28477000e-01 -2.13219000e-01 3.53436000e-01 1.72641000e-02 4.83969000e-01
 2.18605000e-01 9.52521000e-01 -5.24051000e-02 -2.05353000e-01 3.58986000e-01 2.27884000e-01 4.63826000e-01
 2.20551000e-01 9.51802000e-01 -5.09885000e-02 -2.06953000e-01 3.58996000e-01 2.28990000e-01 4.62787000e-01
