 5.36541000e-01 -5.44377000e-01 -4.55364000e-01 4.56532000e-01 3.84921000e-01 -4.32540000e-02 1.08512000e-01
 5.38144000e-01 -5.45479000e-01 -4.55658000e-01 4.53022000e-01 3.86119000e-01 -4.42468000e-02 1.08059000e-01
 5.20450000e-01 -5.09344000e-01 -4.81782000e-01 4.87429000e-01 3.84526000e-01 -2.00108000e-02 1.13528000e-01
 5.19800000e-01 -5.03678000e-01 -4.85345000e-01 4.90467000e-01 3.84341000e-01 -1.75538000e-02 1.12044000e-01
 5.17202000e-01 -5.03338000e-01 -4.87104000e-01 4.91816000e-01 3.84631000e-01 -1.62772000e-02 1.13587000e-01
 5.15085000e-01 -5.03061000e-01 -4.88813000e-01 4.92624000e-01 3.84481000e-01 -1.52658000e-02 1.13524000e-01
 5.14624000e-01 -5.02059000e-01 -4.90367000e-01 4.92585000e-01 3.83670000e-01 -1.45953000e-02 1.13297000e-01
 4.96812000e-01 -4.69468000e-01 -5.21555000e-01 5.10645000e-01 3.80040000e-01 -3.13700000e-04 1.24263000e-01
 5.35777000e-01 -5.44837000e-01 -4.53552000e-01 4.58679000e-01 3.84456000e-01 -4.29434000e-02 1.09965000e-01
 4.82658000e-01 -4.46767000e-01 -5.27714000e-01 5.37548000e-01 3.78265000e-01 9.60065000e-03 1.33758000e-01
 4.87139000e-01 -6.04228000e-01 -3.56891000e-01 5.19839000e-01 3.81710000e-01 -8.11121000e-02 1.14471000e-01
 4.85451000e-01 -4.43579000e-01 -5.28270000e-01 5.37127000e-01 3.77255000e-01 1.16019000e-02 1.33817000e-01
 4.84377000e-01 -4.48509000e-01 -5.26902000e-01 5.35344000e-01 3.76543000e-01 1.37035000e-02 1.38266000e-01
 4.86683000e-01 -4.41394000e-01 -5.27133000e-01 5.38927000e-01 3.77315000e-01 1.10457000e-02 1.34357000e-01
 4.85124000e-01 -4.48160000e-01 -5.27018000e-01 5.34844000e-01 3.77850000e-01 1.52549000e-02 1.38670000e-01
 4.88942000e-01 -6.06283000e-01 -3.39386000e-01 5.27422000e-01 3.81347000e-01 -8.59354000e-02 1.20704000e-01
 4.87569000e-01 -6.08844000e-01 -3.37936000e-01 5.26673000e-01 3.80762000e-01 -8.58977000e-02 1.21643000e-01
 4.83303000e-01 -6.32849000e-01 -3.66358000e-01 4.81355000e-01 3.80807000e-01 -8.56680000e-02 1.06837000e-01
 4.82847000e-01 -6.37296000e-01 -3.62009000e-01 4.79231000e-01 3.80552000e-01 -8.56833000e-02 1.06355000e-01
 4.82192000e-01 -6.37720000e-01 -3.64738000e-01 4.77252000e-01 3.80980000e-01 -8.80170000e-02 1.04091000e-01
 4.55918000e-01 -4.53131000e-01 -5.73580000e-01 5.07756000e-01 3.74575000e-01 1.82530000e-02 1.17048000e-01
 4.54829000e-01 -4.52442000e-01 -5.75006000e-01 5.07734000e-01 3.74529000e-01 1.93367000e-02 1.16128000e-01
 4.49754000e-01 -4.50615000e-01 -5.79858000e-01 5.08362000e-01 3.73809000e-01 2.07645000e-02 1.16313000e-01
 4.46738000e-01 -4.50649000e-01 -5.81384000e-01 5.09248000e-01 3.74851000e-01 2.05676000e-02 1.16570000e-01
 4.78779000e-01 -6.45718000e-01 -3.60869000e-01 4.72856000e-01 3.79715000e-01 -9.07817000e-02 1.02567000e-01
 5.17499000e-01 -5.28826000e-01 -3.60902000e-01 5.67704000e-01 3.79449000e-01 -3.85303000e-02 3.39415000e-02
 4.78495000e-01 -6.54939000e-01 -3.54772000e-01 4.65010000e-01 3.78952000e-01 -9.11203000e-02 1.01247000e-01
 5.19331000e-01 -5.25804000e-01 -3.61165000e-01 5.68670000e-01 3.79178000e-01 -3.80259000e-02 3.30431000e-02
 4.34740000e-01 -4.21819000e-01 -6.13478000e-01 5.06670000e-01 3.71890000e-01 3.03515000e-02 1.16780000e-01
 4.88632000e-01 -6.14246000e-01 -3.17921000e-01 5.31853000e-01 3.80818000e-01 -9.12953000e-02 1.30367000e-01
 4.32737000e-01 -4.24405000e-01 -6.13343000e-01 5.06388000e-01 3.70148000e-01 3.43469000e-02 1.17751000e-01
 4.81956000e-01 -6.17746000e-01 -3.24500000e-01 5.29913000e-01 3.79731000e-01 -8.63266000e-02 1.25641000e-01
 5.27096000e-01 -5.21218000e-01 -3.57628000e-01 5.67982000e-01 3.77937000e-01 -3.96440000e-02 3.03855000e-02
 5.29433000e-01 -5.21701000e-01 -3.54530000e-01 5.67307000e-01 3.78303000e-01 -4.10482000e-02 2.89064000e-02
 4.34990000e-01 -4.21236000e-01 -6.14021000e-01 5.06282000e-01 3.70095000e-01 3.06143000e-02 1.17798000e-01
 4.65043000e-01 -6.29193000e-01 -3.06989000e-01 5.41857000e-01 3.79919000e-01 -8.53745000e-02 1.35071000e-01
 5.32852000e-01 -4.52643000e-01 -5.21644000e-01 4.88948000e-01 3.81326000e-01 -2.82590000e-03 1.01317000e-01
 5.34279000e-01 -4.50353000e-01 -5.22475000e-01 4.88619000e-01 3.80498000e-01 -2.94134000e-03 1.00665000e-01
 5.35795000e-01 -4.48808000e-01 -5.22481000e-01 4.88373000e-01 3.80887000e-01 -2.45116000e-03 1.00687000e-01
 5.50499000e-01 -4.96595000e-01 -3.33797000e-01 5.82172000e-01 3.71420000e-01 -4.58389000e-02 1.72496000e-02
 5.53497000e-01 -4.95009000e-01 -3.30127000e-01 5.82772000e-01 3.70584000e-01 -4.81365000e-02 1.50588000e-02
 5.36943000e-01 -4.47924000e-01 -5.23777000e-01 4.86532000e-01 3.82242000e-01 -2.72728000e-03 9.96537000e-02
 5.51734000e-01 -4.95921000e-01 -3.29062000e-01 5.84269000e-01 3.70010000e-01 -4.85481000e-02 1.45998000e-02
 5.55664000e-01 -4.93941000e-01 -3.29730000e-01 5.81840000e-01 3.70416000e-01 -4.94756000e-02 1.47773000e-02
 4.85532000e-01 -6.71774000e-01 -3.44299000e-01 4.40949000e-01 3.77346000e-01 -9.63150000e-02 1.08299000e-01
 4.47798000e-01 -6.40219000e-01 -2.99927000e-01 5.47394000e-01 3.81350000e-01 -8.34328000e-02 1.37290000e-01
 4.03830000e-01 -4.15145000e-01 -6.34424000e-01 5.11939000e-01 3.65676000e-01 4.25902000e-02 1.28062000e-01
 5.05797000e-01 -4.88209000e-01 -5.09113000e-01 4.96614000e-01 3.82642000e-01 -5.08028000e-03 1.14360000e-01
 4.02058000e-01 -4.09114000e-01 -6.38959000e-01 5.12549000e-01 3.63994000e-01 4.32572000e-02 1.29182000e-01
 4.84831000e-01 -4.46399000e-01 -5.26930000e-01 5.36668000e-01 3.77832000e-01 1.27102000e-02 1.34888000e-01
 3.94057000e-01 -3.97268000e-01 -6.48183000e-01 5.16484000e-01 3.61813000e-01 4.75354000e-02 1.30967000e-01
 4.86263000e-01 -6.76771000e-01 -3.40910000e-01 4.35097000e-01 3.76185000e-01 -9.88521000e-02 1.06965000e-01
 5.84417000e-01 -4.71932000e-01 -3.12747000e-01 5.81314000e-01 3.66072000e-01 -5.63320000e-02 2.98436000e-03
 5.95783000e-01 -4.68231000e-01 -3.05738000e-01 5.76478000e-01 3.64324000e-01 -5.55136000e-02 1.77207000e-03
 3.78276000e-01 -3.85529000e-01 -6.61915000e-01 5.19753000e-01 3.56266000e-01 5.62761000e-02 1.39631000e-01
 4.50680000e-01 -4.50660000e-01 -5.79633000e-01 5.07759000e-01 3.75014000e-01 2.06171000e-02 1.14650000e-01
 5.45387000e-01 -4.84641000e-01 -3.07489000e-01 6.10841000e-01 3.65901000e-01 -5.38642000e-02 -3.52678000e-03
 5.39388000e-01 -4.46107000e-01 -5.22742000e-01 4.86612000e-01 3.82282000e-01 -2.62623000e-03 1.00192000e-01
 6.06806000e-01 -4.66901000e-01 -2.94828000e-01 5.71722000e-01 3.62436000e-01 -5.75643000e-02 -6.29146000e-04
 4.32360000e-01 -6.45430000e-01 -2.90126000e-01 5.58848000e-01 3.80663000e-01 -9.43601000e-02 1.43230000e-01
 5.41911000e-01 -4.43363000e-01 -5.22577000e-01 4.86493000e-01 3.81894000e-01 -2.69689000e-03 1.00813000e-01
 4.89143000e-01 -6.82172000e-01 -3.36542000e-01 4.26754000e-01 3.75411000e-01 -9.89857000e-02 1.06285000e-01
 6.32208000e-01 -4.57629000e-01 -2.86728000e-01 5.55586000e-01 3.59275000e-01 -6.49030000e-02 -1.16541000e-02
 5.21159000e-01 -5.41004000e-01 -5.77121000e-01 3.20372000e-01 3.73159000e-01 -6.24333000e-02 1.57088000e-01
 4.47025000e-01 -6.39813000e-01 -2.98077000e-01 5.49507000e-01 3.81224000e-01 -8.29014000e-02 1.36517000e-01
 4.13362000e-01 -6.64128000e-01 -2.77820000e-01 5.57568000e-01 3.80902000e-01 -8.61308000e-02 1.42872000e-01
 5.39623000e-01 -4.83588000e-01 -2.99080000e-01 6.20888000e-01 3.64078000e-01 -5.01096000e-02 -6.43889000e-03
 4.05762000e-01 -6.68738000e-01 -2.70046000e-01 5.61446000e-01 3.80613000e-01 -8.70838000e-02 1.43627000e-01
 4.05757000e-01 -6.70400000e-01 -2.66931000e-01 5.60957000e-01 3.80605000e-01 -8.61757000e-02 1.42747000e-01
 5.38131000e-01 -4.81954000e-01 -2.96721000e-01 6.24573000e-01 3.64825000e-01 -5.09724000e-02 -8.00514000e-03
 6.32704000e-01 -4.58180000e-01 -2.85632000e-01 5.55131000e-01 3.59419000e-01 -6.40152000e-02 -1.21937000e-02
 5.38190000e-01 -4.80172000e-01 -2.94951000e-01 6.26729000e-01 3.63702000e-01 -5.06695000e-02 -8.72326000e-03
 5.21428000e-01 -5.39971000e-01 -5.86342000e-01 3.04543000e-01 3.70569000e-01 -6.72842000e-02 1.63774000e-01
 6.28254000e-01 -4.57292000e-01 -2.83511000e-01 5.61963000e-01 3.58956000e-01 -6.27587000e-02 -6.84017000e-03
 4.00295000e-01 -6.72050000e-01 -2.63999000e-01 5.64285000e-01 3.80292000e-01 -8.97503000e-02 1.49531000e-01
 4.04204000e-01 -6.70913000e-01 -2.65260000e-01 5.62256000e-01 3.80481000e-01 -8.52768000e-02 1.42531000e-01
 4.05283000e-01 -6.71912000e-01 -2.63128000e-01 5.61288000e-01 3.80618000e-01 -8.37258000e-02 1.43022000e-01
 5.34252000e-01 -4.73925000e-01 -2.84582000e-01 6.39518000e-01 3.62170000e-01 -4.76732000e-02 -1.36292000e-02
 5.32102000e-01 -4.76926000e-01 -2.83757000e-01 6.39446000e-01 3.62438000e-01 -4.56948000e-02 -1.53733000e-02
 3.71905000e-01 -3.78554000e-01 -6.75849000e-01 5.11479000e-01 3.55840000e-01 5.81910000e-02 1.47708000e-01
 5.33719000e-01 -4.69796000e-01 -2.73193000e-01 6.47920000e-01 3.59982000e-01 -5.18066000e-02 -1.07330000e-02
 5.31905000e-01 -5.29055000e-01 -6.01430000e-01 2.74700000e-01 3.68975000e-01 -8.51064000e-02 1.77092000e-01
 5.31077000e-01 -5.29664000e-01 -6.03106000e-01 2.71433000e-01 3.68211000e-01 -8.54202000e-02 1.77828000e-01
 4.90703000e-01 -6.86774000e-01 -3.31728000e-01 4.21317000e-01 3.76091000e-01 -9.69103000e-02 1.05735000e-01
 6.40200000e-01 -4.51481000e-01 -2.82874000e-01 5.53436000e-01 3.57537000e-01 -6.92057000e-02 -1.50782000e-02
 4.92675000e-01 -6.87449000e-01 -3.28796000e-01 4.20211000e-01 3.75641000e-01 -9.80876000e-02 1.05833000e-01
 5.34394000e-01 -5.26909000e-01 -6.04002000e-01 2.68275000e-01 3.68014000e-01 -8.66034000e-02 1.81812000e-01
 5.29646000e-01 -4.63226000e-01 -2.43766000e-01 6.67439000e-01 3.53384000e-01 -5.80089000e-02 -1.68555000e-02
 5.21722000e-01 -5.14401000e-01 -4.76319000e-01 4.86125000e-01 3.83297000e-01 -2.32015000e-02 1.13619000e-01
 3.77708000e-01 -3.73376000e-01 -6.75929000e-01 5.10927000e-01 3.54004000e-01 6.09686000e-02 1.51122000e-01
 5.21584000e-01 -5.38256000e-01 -6.11593000e-01 2.53347000e-01 3.63658000e-01 -8.83113000e-02 1.84349000e-01
 3.94805000e-01 -3.53030000e-01 -6.79000000e-01 5.08387000e-01 3.54112000e-01 6.11588000e-02 1.22513000e-01
 4.85171000e-01 -6.15209000e-01 -3.27609000e-01 5.28014000e-01 3.80356000e-01 -8.80957000e-02 1.24534000e-01
 3.94376000e-01 -3.51440000e-01 -6.79421000e-01 5.09259000e-01 3.54123000e-01 6.26404000e-02 1.21336000e-01
 6.36923000e-01 -4.56214000e-01 -2.88550000e-01 5.50397000e-01 3.59451000e-01 -6.84267000e-02 -1.48774000e-02
 3.47937000e-01 -3.81767000e-01 -6.59557000e-01 5.46057000e-01 3.50460000e-01 6.90615000e-02 1.46737000e-01
 3.46600000e-01 -3.82169000e-01 -6.59869000e-01 5.46250000e-01 3.50424000e-01 6.99860000e-02 1.47472000e-01
 5.12315000e-01 -5.44153000e-01 -6.22949000e-01 2.31007000e-01 3.58736000e-01 -9.24595000e-02 1.85476000e-01
 5.28122000e-01 -4.59936000e-01 -2.25258000e-01 6.77351000e-01 3.50081000e-01 -6.15659000e-02 -1.59075000e-02
 3.46592000e-01 -3.81776000e-01 -6.59259000e-01 5.47265000e-01 3.50542000e-01 7.06572000e-02 1.47868000e-01
 5.20588000e-01 -4.58860000e-01 -2.23922000e-01 6.84320000e-01 3.50659000e-01 -6.55988000e-02 -2.02256000e-02
 5.10005000e-01 -5.42967000e-01 -6.30328000e-01 2.18558000e-01 3.56819000e-01 -9.19984000e-02 1.87912000e-01
 5.08577000e-01 -5.40610000e-01 -6.38081000e-01 2.04800000e-01 3.54371000e-01 -9.60768000e-02 1.87205000e-01
 5.05512000e-01 -5.43593000e-01 -6.39322000e-01 2.00579000e-01 3.54286000e-01 -9.97400000e-02 1.87299000e-01
 5.04374000e-01 -5.45054000e-01 -6.39984000e-01 1.97343000e-01 3.53457000e-01 -9.99051000e-02 1.87388000e-01
