 -6.64178000e-02 9.58105000e-01 -2.69625000e-03 -2.78598000e-01 3.76217000e-01 9.22399000e-02 4.48053000e-01
 -6.69710000e-02 9.59001000e-01 -1.25222000e-03 -2.75372000e-01 3.75767000e-01 9.13467000e-02 4.48635000e-01
 -6.82493000e-02 9.56889000e-01 1.51241000e-03 -2.82318000e-01 3.79411000e-01 9.34958000e-02 4.46462000e-01
 -6.68036000e-02 9.55680000e-01 5.13261000e-03 -2.86682000e-01 3.81609000e-01 9.21921000e-02 4.44445000e-01
 -6.29613000e-02 9.59598000e-01 8.92849000e-03 -2.74095000e-01 3.75809000e-01 1.04521000e-01 4.49331000e-01
 -5.85445000e-02 9.57118000e-01 -1.87798000e-02 -2.83099000e-01 3.78025000e-01 7.82204000e-02 4.47779000e-01
 -5.95311000e-02 9.57061000e-01 -1.83094000e-02 -2.83116000e-01 3.77646000e-01 7.77528000e-02 4.46059000e-01
 -6.12612000e-02 9.56784000e-01 -2.02648000e-02 -2.83549000e-01 3.77739000e-01 7.69875000e-02 4.44523000e-01
 -7.85293000e-02 9.63008000e-01 4.20952000e-03 -2.57743000e-01 3.71448000e-01 8.33814000e-02 4.55629000e-01
 -5.43229000e-02 9.61360000e-01 1.39018000e-02 -2.69524000e-01 3.73898000e-01 1.10384000e-01 4.48960000e-01
 -7.35914000e-02 9.59973000e-01 9.24582000e-03 -2.70094000e-01 3.75527000e-01 1.13042000e-01 4.54963000e-01
 -5.15954000e-02 9.60832000e-01 -3.01571000e-02 -2.70613000e-01 3.75464000e-01 7.12432000e-02 4.49925000e-01
 -4.78198000e-02 9.61093000e-01 -3.20400000e-02 -2.70161000e-01 3.73626000e-01 7.04857000e-02 4.50401000e-01
 -6.59720000e-02 9.57188000e-01 3.51878000e-03 -2.81826000e-01 3.79694000e-01 9.60310000e-02 4.49819000e-01
 -7.40890000e-02 9.61058000e-01 3.79206000e-03 -2.66203000e-01 3.74993000e-01 8.57944000e-02 4.51947000e-01
 -9.10236000e-02 9.63560000e-01 9.18540000e-03 -2.51363000e-01 3.70419000e-01 7.62215000e-02 4.62030000e-01
 -9.50699000e-02 9.62975000e-01 1.06842000e-02 -2.52046000e-01 3.69327000e-01 7.45071000e-02 4.62192000e-01
 -6.48621000e-02 9.58931000e-01 -2.44577000e-03 -2.76112000e-01 3.78036000e-01 8.97356000e-02 4.50466000e-01
 -9.64393000e-02 9.63537000e-01 1.24640000e-02 -2.49280000e-01 3.68903000e-01 7.38609000e-02 4.62545000e-01
 -9.83159000e-02 9.63287000e-01 1.41516000e-02 -2.49422000e-01 3.69252000e-01 7.26397000e-02 4.63309000e-01
 -9.42022000e-02 9.63045000e-01 1.05055000e-02 -2.52109000e-01 3.69953000e-01 7.67732000e-02 4.61920000e-01
 -1.04222000e-01 9.65941000e-01 3.67989000e-02 -2.33968000e-01 3.65518000e-01 6.33791000e-02 4.66949000e-01
 -6.69491000e-02 9.57206000e-01 7.61736000e-04 -2.81556000e-01 3.79723000e-01 9.36780000e-02 4.46789000e-01
 -6.86346000e-02 9.56530000e-01 -1.64281000e-03 -2.83439000e-01 3.77236000e-01 9.07971000e-02 4.46135000e-01
 -9.81875000e-02 9.68604000e-01 4.84324000e-02 -2.23202000e-01 3.62677000e-01 6.27187000e-02 4.71975000e-01
 -8.08023000e-02 9.63709000e-01 1.34582000e-02 -2.54076000e-01 3.72001000e-01 1.30059000e-01 4.61552000e-01
 -4.51311000e-02 9.62079000e-01 2.11422000e-02 -2.68178000e-01 3.73975000e-01 1.12816000e-01 4.50489000e-01
 -6.00151000e-02 9.52109000e-01 -2.95824000e-02 -2.98347000e-01 3.80145000e-01 6.77504000e-02 4.36095000e-01
 -6.15358000e-02 9.56687000e-01 -2.13732000e-02 -2.83736000e-01 3.76910000e-01 7.76306000e-02 4.45534000e-01
 -1.13486000e-01 9.62441000e-01 5.29798000e-02 -2.40878000e-01 3.68443000e-01 6.03734000e-02 4.66429000e-01
 -6.14611000e-02 9.57358000e-01 3.04688000e-03 -2.82275000e-01 3.78246000e-01 9.23254000e-02 4.47326000e-01
 -6.34149000e-02 9.57127000e-01 -1.25870000e-02 -2.82363000e-01 3.77578000e-01 8.12084000e-02 4.47532000e-01
 -6.47453000e-02 9.56632000e-01 -1.11639000e-03 -2.84012000e-01 3.78931000e-01 8.94613000e-02 4.45429000e-01
 -6.22842000e-02 9.57532000e-01 -6.94270000e-03 -2.81434000e-01 3.77604000e-01 9.34394000e-02 4.44872000e-01
 -2.58275000e-02 9.62510000e-01 2.20782000e-02 -2.69109000e-01 3.75967000e-01 1.17937000e-01 4.52978000e-01
 -8.91665000e-02 9.61803000e-01 1.26172000e-02 -2.58507000e-01 3.71376000e-01 1.29593000e-01 4.57100000e-01
 -8.52717000e-02 9.62360000e-01 4.57812000e-03 -2.58012000e-01 3.71087000e-01 7.92325000e-02 4.58463000e-01
 -5.99755000e-02 9.46373000e-01 -3.87321000e-02 -3.15087000e-01 3.83819000e-01 5.89586000e-02 4.27951000e-01
 -1.73906000e-02 9.62827000e-01 2.95146000e-02 -2.67937000e-01 3.74239000e-01 1.21420000e-01 4.51277000e-01
 -5.10809000e-02 9.60036000e-01 -2.19719000e-02 -2.74297000e-01 3.78694000e-01 7.11217000e-02 4.49926000e-01
 -9.71111000e-02 9.65492000e-01 2.18705000e-02 -2.40658000e-01 3.70723000e-01 6.90907000e-02 4.64693000e-01
 -1.03651000e-01 9.66276000e-01 3.78835000e-02 -2.32661000e-01 3.64792000e-01 6.40818000e-02 4.65576000e-01
 -8.96800000e-02 9.71496000e-01 7.82483000e-02 -2.05015000e-01 3.59388000e-01 5.66786000e-02 4.82752000e-01
 -9.69273000e-02 9.70528000e-01 5.16347000e-02 -2.14510000e-01 3.61134000e-01 6.07314000e-02 4.73553000e-01
 -3.60194000e-03 9.63460000e-01 2.82302000e-02 -2.66336000e-01 3.73484000e-01 1.27076000e-01 4.52009000e-01
 -6.25844000e-02 9.51278000e-01 -1.89403000e-02 -3.01321000e-01 3.81995000e-01 1.00764000e-01 4.38026000e-01
 -9.56139000e-02 9.73538000e-01 9.40639000e-02 -1.85023000e-01 3.51019000e-01 5.50299000e-02 4.88057000e-01
 -6.74830000e-02 9.46593000e-01 -3.73334000e-02 -3.13071000e-01 3.85990000e-01 1.04721000e-01 4.33490000e-01
 -2.15982000e-03 9.57025000e-01 4.77444000e-02 -2.86039000e-01 3.79771000e-01 1.30626000e-01 4.46767000e-01
 -1.00025000e-01 9.75140000e-01 9.91904000e-02 -1.71052000e-01 3.47047000e-01 5.55558000e-02 4.91038000e-01
 -5.68301000e-02 9.43611000e-01 -4.02241000e-02 -3.23651000e-01 3.85662000e-01 5.49799000e-02 4.24145000e-01
 -5.29889000e-02 9.42889000e-01 -4.07595000e-02 -3.26329000e-01 3.86591000e-01 5.10142000e-02 4.23361000e-01
 -7.19829000e-03 9.63744000e-01 -9.00493000e-02 -2.51072000e-01 3.68477000e-01 5.56723000e-02 4.60018000e-01
 -1.06003000e-01 9.65346000e-01 2.58863000e-02 -2.37068000e-01 3.66228000e-01 6.47931000e-02 4.65797000e-01
 -1.04128000e-01 9.75973000e-01 1.00268000e-01 -1.63037000e-01 3.46158000e-01 5.39627000e-02 4.94866000e-01
 -2.19735000e-02 9.62703000e-01 -7.88619000e-02 -2.57876000e-01 3.70434000e-01 6.15740000e-02 4.57983000e-01
 -7.22529000e-02 9.41319000e-01 -4.61812000e-02 -3.26444000e-01 3.87613000e-01 5.52434000e-02 4.24448000e-01
 5.79919000e-03 9.63520000e-01 -9.82550000e-02 -2.48879000e-01 3.68541000e-01 5.19138000e-02 4.62818000e-01
 7.37252000e-03 9.63212000e-01 -1.00321000e-01 -2.49208000e-01 3.67627000e-01 5.16980000e-02 4.61636000e-01
 -1.89730000e-03 9.62671000e-01 -9.82503000e-02 -2.52207000e-01 3.67973000e-01 5.37713000e-02 4.64502000e-01
 1.35059000e-02 9.62960000e-01 -1.03019000e-01 -2.48822000e-01 3.67371000e-01 4.96792000e-02 4.61876000e-01
 -6.85090000e-02 9.46249000e-01 -3.86837000e-02 -3.13724000e-01 3.86127000e-01 1.04977000e-01 4.32617000e-01
 -6.29701000e-02 9.56531000e-01 -7.78924000e-03 -2.84645000e-01 3.78445000e-01 8.94889000e-02 4.46340000e-01
 -4.89001000e-02 9.37045000e-01 -3.82344000e-02 -3.43648000e-01 3.89797000e-01 4.40105000e-02 4.17178000e-01
 -1.28273000e-01 9.67541000e-01 3.71416000e-03 -2.17707000e-01 3.64015000e-01 6.81158000e-02 4.72170000e-01
 1.59613000e-02 9.55330000e-01 5.78830000e-02 -2.89377000e-01 3.78710000e-01 1.35297000e-01 4.42803000e-01
 1.22236000e-02 9.53905000e-01 5.39303000e-02 -2.94970000e-01 3.79965000e-01 1.37199000e-01 4.43439000e-01
 -6.84879000e-02 9.45820000e-01 -4.00317000e-02 -3.14852000e-01 3.85530000e-01 1.05789000e-01 4.31884000e-01
 2.59355000e-02 9.62649000e-01 -1.12889000e-01 -2.44723000e-01 3.66118000e-01 4.82954000e-02 4.64549000e-01
 -1.36701000e-01 9.77218000e-01 1.04641000e-01 -1.24127000e-01 3.34213000e-01 5.35262000e-02 5.07833000e-01
 -1.76121000e-02 9.62911000e-01 -8.44722000e-02 -2.55648000e-01 3.71810000e-01 5.73067000e-02 4.60822000e-01
 2.70285000e-02 9.65848000e-01 8.01834000e-03 -2.57572000e-01 3.71326000e-01 1.42877000e-01 4.56425000e-01
 -1.02296000e-01 9.66236000e-01 2.66462000e-02 -2.34976000e-01 3.65831000e-01 6.79649000e-02 4.67614000e-01
 4.28713000e-02 9.61571000e-01 -1.22376000e-01 -2.42008000e-01 3.66134000e-01 4.49646000e-02 4.67958000e-01
 -1.53860000e-01 9.77024000e-01 9.97335000e-02 -1.08649000e-01 3.29701000e-01 5.77143000e-02 5.14924000e-01
 -1.61981000e-01 9.73973000e-01 1.22454000e-01 -1.00717000e-01 3.26036000e-01 5.11655000e-02 5.12998000e-01
 -7.99646000e-02 9.62043000e-01 4.18248000e-03 -2.60885000e-01 3.73634000e-01 8.36747000e-02 4.54232000e-01
 -8.46646000e-02 9.65071000e-01 1.14076000e-02 -2.47669000e-01 3.70287000e-01 1.33369000e-01 4.64300000e-01
 -4.50763000e-02 9.62176000e-01 -3.27413000e-02 -2.66670000e-01 3.72692000e-01 7.04327000e-02 4.51054000e-01
 -6.99042000e-02 9.54659000e-01 7.43858000e-03 -2.89281000e-01 3.81530000e-01 8.88038000e-02 4.41857000e-01
 -1.71519000e-01 9.74406000e-01 1.17070000e-01 -8.60799000e-02 3.18872000e-01 5.26208000e-02 5.13075000e-01
 -1.83508000e-01 9.69957000e-01 1.27469000e-01 -9.62300000e-02 3.24201000e-01 4.45349000e-02 5.17097000e-01
 -1.90566000e-01 9.69036000e-01 1.29221000e-01 -8.91976000e-02 3.24308000e-01 3.96721000e-02 5.20831000e-01
 -1.89837000e-01 9.68987000e-01 1.29943000e-01 -9.02303000e-02 3.23822000e-01 3.88466000e-02 5.21752000e-01
 2.35333000e-02 9.48924000e-01 7.76212000e-02 -3.04901000e-01 3.80543000e-01 1.46823000e-01 4.35112000e-01
 -1.72496000e-01 9.75283000e-01 1.12712000e-01 -7.97751000e-02 3.16326000e-01 5.30525000e-02 5.13579000e-01
 3.94682000e-02 9.65834000e-01 8.80274000e-03 -2.55988000e-01 3.70844000e-01 1.52519000e-01 4.63840000e-01
 6.06268000e-02 9.58965000e-01 -1.35794000e-01 -2.41393000e-01 3.68464000e-01 4.27333000e-02 4.73431000e-01
 -2.01494000e-01 9.66599000e-01 1.36048000e-01 -8.10978000e-02 3.20818000e-01 3.50494000e-02 5.20628000e-01
 -4.71657000e-02 9.61373000e-01 -3.27984000e-02 -2.69188000e-01 3.74443000e-01 7.03312000e-02 4.51642000e-01
 -3.98892000e-02 9.62963000e-01 -4.50610000e-02 -2.62834000e-01 3.73063000e-01 6.60792000e-02 4.54458000e-01
 -2.06860000e-01 9.64944000e-01 1.41355000e-01 -7.81776000e-02 3.20728000e-01 3.19882000e-02 5.20757000e-01
 -2.10652000e-01 9.65315000e-01 1.30046000e-01 -8.29546000e-02 3.20705000e-01 3.08025000e-02 5.24659000e-01
 5.09767000e-02 9.66596000e-01 -3.90393000e-06 -2.51185000e-01 3.69424000e-01 1.58264000e-01 4.60708000e-01
 -2.07637000e-01 9.64353000e-01 1.45174000e-01 -7.63892000e-02 3.21823000e-01 2.99187000e-02 5.21485000e-01
 -2.27864000e-01 9.59139000e-01 1.52822000e-01 -6.91081000e-02 3.16407000e-01 2.59813000e-02 5.19022000e-01
 -2.31948000e-01 9.57951000e-01 1.55919000e-01 -6.49559000e-02 3.16909000e-01 2.27747000e-02 5.19355000e-01
 -2.34724000e-01 9.56582000e-01 1.61260000e-01 -6.20472000e-02 3.16499000e-01 2.32334000e-02 5.20761000e-01
 -2.33971000e-01 9.57571000e-01 1.56892000e-01 -6.08366000e-02 3.14771000e-01 2.34058000e-02 5.18072000e-01
 -1.24667000e-01 9.78084000e-01 9.91293000e-02 -1.34104000e-01 3.36756000e-01 5.00041000e-02 5.05190000e-01
 6.11554000e-02 9.68139000e-01 -2.74412000e-03 -2.42816000e-01 3.68292000e-01 1.60698000e-01 4.61489000e-01
 2.29110000e-02 9.43865000e-01 8.15285000e-02 -3.19291000e-01 3.83712000e-01 1.53508000e-01 4.29462000e-01
 6.30780000e-02 9.67685000e-01 -5.23091000e-03 -2.44088000e-01 3.68422000e-01 1.61992000e-01 4.61592000e-01
 2.97320000e-02 9.64887000e-01 7.03611000e-03 -2.60884000e-01 3.72826000e-01 1.46463000e-01 4.57341000e-01
 -2.43712000e-01 9.53031000e-01 1.71301000e-01 -5.47070000e-02 3.13265000e-01 2.58518000e-02 5.23068000e-01
 7.21071000e-02 9.68333000e-01 -8.49490000e-04 -2.39020000e-01 3.68064000e-01 1.66716000e-01 4.63642000e-01
 7.36349000e-02 9.68970000e-01 1.83985000e-03 -2.35948000e-01 3.66133000e-01 1.68131000e-01 4.62552000e-01
 -2.53000000e-01 9.49830000e-01 1.78713000e-01 -4.32992000e-02 3.11871000e-01 2.50603000e-02 5.25714000e-01
 2.70998000e-02 9.42658000e-01 8.09013000e-02 -3.22670000e-01 3.84465000e-01 1.54971000e-01 4.28410000e-01
 -9.56815000e-02 9.75204000e-01 9.56930000e-02 -1.75115000e-01 3.47839000e-01 5.53110000e-02 4.90848000e-01
 -2.71667000e-01 9.43193000e-01 1.89311000e-01 -2.73132000e-02 3.04716000e-01 2.92007000e-02 5.23026000e-01
 -5.19899000e-02 9.31615000e-01 -2.85218000e-02 -3.58577000e-01 3.93388000e-01 3.88074000e-02 4.10083000e-01
 -2.76959000e-01 9.40608000e-01 1.94854000e-01 -2.41115000e-02 3.03757000e-01 2.89107000e-02 5.23951000e-01
 8.80935000e-02 9.68680000e-01 3.31047000e-03 -2.32137000e-01 3.64282000e-01 1.73597000e-01 4.64105000e-01
 -2.81856000e-01 9.38270000e-01 1.99485000e-01 -2.02872000e-02 3.03058000e-01 2.94639000e-02 5.24611000e-01
 1.03534000e-01 9.68667000e-01 -6.20657000e-03 -2.25670000e-01 3.62333000e-01 1.80500000e-01 4.64315000e-01
 -8.72550000e-02 9.71993000e-01 8.01662000e-02 -2.02951000e-01 3.57562000e-01 5.57992000e-02 4.82730000e-01
 -6.25629000e-02 9.57330000e-01 -5.97527000e-03 -2.82079000e-01 3.77565000e-01 9.57332000e-02 4.45184000e-01
 -2.88406000e-01 9.34868000e-01 2.06739000e-01 -1.01510000e-02 2.99271000e-01 3.13080000e-02 5.25592000e-01
 -2.87027000e-01 9.34552000e-01 2.08969000e-01 -2.36482000e-02 3.04753000e-01 2.67522000e-02 5.23912000e-01
 6.45879000e-02 9.56131000e-01 -1.65394000e-01 -2.32993000e-01 3.61760000e-01 3.06682000e-02 4.75567000e-01
 -1.50423000e-01 9.75785000e-01 1.05155000e-01 -1.18991000e-01 3.30735000e-01 5.51194000e-02 5.10512000e-01
 -1.48444000e-01 9.76296000e-01 1.05050000e-01 -1.17362000e-01 3.32402000e-01 5.49553000e-02 5.11955000e-01
 -2.89251000e-01 9.33952000e-01 2.09774000e-01 -7.89964000e-03 2.98425000e-01 3.38016000e-02 5.25379000e-01
 6.77207000e-02 9.56208000e-01 -1.68010000e-01 -2.29896000e-01 3.62521000e-01 3.00199000e-02 4.77578000e-01
 -8.95527000e-02 9.71214000e-01 8.06829000e-02 -2.05460000e-01 3.59707000e-01 5.38627000e-02 4.80636000e-01
 3.48795000e-02 9.38732000e-01 9.18591000e-02 -3.30344000e-01 3.87191000e-01 1.58875000e-01 4.26793000e-01
 -2.95927000e-01 9.31012000e-01 2.12939000e-01 1.73233000e-02 2.90341000e-01 3.32874000e-02 5.34988000e-01
 -2.95713000e-01 9.31654000e-01 2.10207000e-01 1.96756000e-02 2.88789000e-01 3.33259000e-02 5.34234000e-01
 1.19583000e-01 9.68177000e-01 -1.21318000e-02 -2.19511000e-01 3.60214000e-01 1.87772000e-01 4.65478000e-01
 3.09266000e-02 9.39437000e-01 9.01438000e-02 -3.29205000e-01 3.84903000e-01 1.60574000e-01 4.24027000e-01
 9.43439000e-02 9.68495000e-01 -2.19505000e-03 -2.30460000e-01 3.64205000e-01 1.76013000e-01 4.63962000e-01
 -4.58723000e-02 9.30056000e-01 -2.95896000e-02 -3.63339000e-01 3.93784000e-01 3.35711000e-02 4.08079000e-01
 -7.43287000e-02 9.43508000e-01 -4.50293000e-02 -3.19751000e-01 3.84308000e-01 1.07588000e-01 4.29472000e-01
 -4.48945000e-02 9.29999000e-01 -3.19233000e-02 -3.63409000e-01 3.94888000e-01 3.36398000e-02 4.06894000e-01
 2.46939000e-02 9.47946000e-01 7.73613000e-02 -3.07902000e-01 3.81522000e-01 1.51353000e-01 4.35538000e-01
 -2.80904000e-01 9.31859000e-01 2.24996000e-01 4.59220000e-02 2.75761000e-01 3.37356000e-02 5.39343000e-01
 1.20313000e-01 9.67474000e-01 -1.25605000e-02 -2.22174000e-01 3.66123000e-01 1.95264000e-01 4.74311000e-01
 -2.82901000e-01 9.31032000e-01 2.25719000e-01 4.68674000e-02 2.75279000e-01 3.46384000e-02 5.40247000e-01
 -3.10225000e-01 9.25167000e-01 2.17647000e-01 2.13456000e-02 2.90426000e-01 3.79069000e-02 5.33757000e-01
 -3.00436000e-01 9.22197000e-01 2.42188000e-01 -2.52081000e-02 3.09766000e-01 1.64690000e-02 5.28414000e-01
 1.39265000e-01 9.64611000e-01 -4.24714000e-02 -2.19834000e-01 3.61244000e-01 2.01753000e-01 4.66137000e-01
 1.23627000e-01 9.68497000e-01 -5.77497000e-03 -2.16096000e-01 3.58583000e-01 1.89432000e-01 4.65387000e-01
 -9.06688000e-03 9.62876000e-01 -1.09007000e-01 -2.46789000e-01 3.67378000e-01 5.00173000e-02 4.64975000e-01
 -3.08568000e-01 9.18640000e-01 2.44838000e-01 -3.06658000e-02 3.10528000e-01 1.44595000e-02 5.28881000e-01
 -9.33215000e-02 9.69646000e-01 5.48031000e-02 -2.19259000e-01 3.64139000e-01 6.36524000e-02 4.75278000e-01
 -2.83625000e-01 9.32898000e-01 2.18748000e-01 3.75167000e-02 2.79885000e-01 3.10427000e-02 5.37960000e-01
 -2.86640000e-01 9.27490000e-01 2.27954000e-01 7.50727000e-02 2.64294000e-01 3.71297000e-02 5.46953000e-01
 -2.99902000e-01 9.21973000e-01 2.43492000e-01 -2.71392000e-02 3.10184000e-01 1.69797000e-02 5.31922000e-01
 1.54465000e-01 9.62674000e-01 -4.19070000e-02 -2.18272000e-01 3.63086000e-01 2.07454000e-01 4.68469000e-01
 -2.91058000e-01 9.25001000e-01 2.27943000e-01 8.77485000e-02 2.58688000e-01 3.81331000e-02 5.45667000e-01
 -1.04573000e-01 9.65914000e-01 3.87243000e-02 -2.33613000e-01 3.66289000e-01 6.06055000e-02 4.66919000e-01
 -1.23807000e-01 9.78428000e-01 9.98227000e-02 -1.31856000e-01 3.33842000e-01 5.08486000e-02 5.03820000e-01
 -2.89029000e-01 9.25333000e-01 2.28569000e-01 8.93089000e-02 2.57228000e-01 3.80323000e-02 5.46098000e-01
 -2.85853000e-01 9.26002000e-01 2.29176000e-01 9.10332000e-02 2.56736000e-01 3.88753000e-02 5.46960000e-01
 1.67619000e-01 9.60648000e-01 -4.11496000e-02 -2.17635000e-01 3.62614000e-01 2.10560000e-01 4.65979000e-01
 1.72361000e-01 9.60009000e-01 -4.03080000e-02 -2.16909000e-01 3.62336000e-01 2.11839000e-01 4.66080000e-01
 -1.04995000e-01 9.67811000e-01 1.72379000e-02 -2.28081000e-01 3.64259000e-01 6.58863000e-02 4.72504000e-01
 7.22052000e-02 9.68138000e-01 -3.95646000e-03 -2.39748000e-01 3.68912000e-01 1.68880000e-01 4.64200000e-01
 6.62151000e-02 9.56422000e-01 -1.71637000e-01 -2.26744000e-01 3.61121000e-01 2.75772000e-02 4.78164000e-01
 1.86633000e-01 9.58247000e-01 -4.18634000e-02 -2.12552000e-01 3.62003000e-01 2.18635000e-01 4.67431000e-01
 -2.95371000e-01 9.20289000e-01 2.33217000e-01 1.06930000e-01 2.50302000e-01 4.17597000e-02 5.50250000e-01
 -3.10193000e-01 9.15785000e-01 2.53101000e-01 -3.25151000e-02 3.11763000e-01 1.08699000e-02 5.25763000e-01
 -3.28187000e-01 9.13634000e-01 2.38400000e-01 2.70330000e-02 2.88936000e-01 4.79380000e-02 5.28766000e-01
 -3.10948000e-01 9.14524000e-01 2.56467000e-01 -3.43893000e-02 3.12283000e-01 9.83616000e-03 5.23531000e-01
 -3.14165000e-01 9.12465000e-01 2.59925000e-01 -3.38763000e-02 3.12424000e-01 7.36471000e-03 5.20135000e-01
 -2.99675000e-01 9.17523000e-01 2.37563000e-01 1.09137000e-01 2.49802000e-01 4.14656000e-02 5.51505000e-01
 -6.67326000e-04 9.62922000e-01 -9.62635000e-02 -2.52019000e-01 3.69541000e-01 5.49447000e-02 4.62204000e-01
 1.92171000e-02 9.65479000e-01 1.34008000e-02 -2.59425000e-01 3.75386000e-01 1.39039000e-01 4.57873000e-01
 -3.03919000e-01 9.13695000e-01 2.39735000e-01 1.23784000e-01 2.43881000e-01 4.58686000e-02 5.45849000e-01
 -8.50505000e-02 9.72315000e-01 7.38078000e-02 -2.04748000e-01 3.56901000e-01 5.64905000e-02 4.81509000e-01
 -6.52203000e-02 9.57769000e-01 -3.48432000e-03 -2.80022000e-01 3.77016000e-01 9.61720000e-02 4.46567000e-01
 -3.05796000e-01 9.12869000e-01 2.38581000e-01 1.27427000e-01 2.42153000e-01 4.62272000e-02 5.45417000e-01
 8.45966000e-02 9.50659000e-01 -2.06531000e-01 -2.15488000e-01 3.55869000e-01 2.20729000e-02 4.81355000e-01
 8.50980000e-02 9.49765000e-01 -2.10421000e-01 -2.15472000e-01 3.55503000e-01 2.04706000e-02 4.82091000e-01
 2.04740000e-01 9.54209000e-01 -5.38730000e-02 -2.11339000e-01 3.60100000e-01 2.22532000e-01 4.66938000e-01
 -5.74801000e-02 9.54115000e-01 -2.51490000e-02 -2.92793000e-01 3.79288000e-01 7.03482000e-02 4.38970000e-01
 -3.31028000e-01 9.03121000e-01 2.71428000e-01 -3.34521000e-02 3.14926000e-01 -1.87051000e-03 5.19156000e-01
 7.16344000e-02 9.55076000e-01 -1.79859000e-01 -2.24384000e-01 3.60254000e-01 2.83941000e-02 4.78786000e-01
 -1.07631000e-01 9.66044000e-01 2.67774000e-02 -2.33361000e-01 3.67024000e-01 6.90038000e-02 4.67984000e-01
 -3.45288000e-01 9.05008000e-01 2.46907000e-01 2.78218000e-02 2.91981000e-01 5.39535000e-02 5.30869000e-01
 -6.46903000e-02 9.59529000e-01 1.08190000e-02 -2.73864000e-01 3.74970000e-01 1.10862000e-01 4.50735000e-01
 8.37663000e-02 9.49015000e-01 -2.15411000e-01 -2.14364000e-01 3.55219000e-01 1.95307000e-02 4.83374000e-01
 -9.61289000e-02 9.63004000e-01 1.35895000e-02 -2.51391000e-01 3.71765000e-01 7.33640000e-02 4.60616000e-01
 2.14151000e-01 9.53423000e-01 -5.19427000e-02 -2.05973000e-01 3.58452000e-01 2.26995000e-01 4.64268000e-01
 7.63400000e-02 9.66455000e-01 -2.14965000e-03 -2.45220000e-01 3.67501000e-01 1.69488000e-01 4.69214000e-01
 8.64493000e-02 9.45972000e-01 -2.28477000e-01 -2.13219000e-01 3.53436000e-01 1.72641000e-02 4.83969000e-01
 2.20551000e-01 9.51802000e-01 -5.09885000e-02 -2.06953000e-01 3.58996000e-01 2.28990000e-01 4.62787000e-01
 8.48160000e-02 9.44778000e-01 -2.32818000e-01 -2.14469000e-01 3.53186000e-01 1.54706000e-02 4.83647000e-01
 2.26972000e-01 9.49805000e-01 -5.27612000e-02 -2.08737000e-01 3.60013000e-01 2.30258000e-01 4.63439000e-01
 -3.10727000e-01 9.09683000e-01 2.40514000e-01 1.34460000e-01 2.39798000e-01 4.76506000e-02 5.48255000e-01
 6.55062000e-02 9.59196000e-01 -1.37771000e-01 -2.38058000e-01 3.65093000e-01 4.34449000e-02 4.68754000e-01
 -3.48043000e-01 9.03865000e-01 2.47136000e-01 2.85935000e-02 2.92508000e-01 5.55468000e-02 5.31647000e-01
 -1.05826000e-01 9.65814000e-01 4.22023000e-02 -2.32857000e-01 3.65216000e-01 5.82201000e-02 4.68390000e-01
 2.31799000e-01 9.48594000e-01 -4.96657000e-02 -2.09696000e-01 3.59416000e-01 2.31959000e-01 4.65913000e-01
 -1.16675000e-01 9.67229000e-01 1.11512000e-02 -2.25235000e-01 3.64379000e-01 6.85687000e-02 4.74283000e-01
 -5.90485000e-02 9.61239000e-01 1.03919000e-02 -2.69118000e-01 3.75860000e-01 1.03096000e-01 4.51811000e-01
 3.58937000e-02 9.37625000e-01 9.63874000e-02 -3.32085000e-01 3.89434000e-01 1.60265000e-01 4.27614000e-01
 -3.40263000e-01 8.98499000e-01 2.74643000e-01 -3.86269000e-02 3.19293000e-01 -6.40636000e-03 5.21623000e-01
 -3.50000000e-01 9.02697000e-01 2.48540000e-01 2.94210000e-02 2.92821000e-01 5.70606000e-02 5.31714000e-01
