 6.51957000e-01 7.57693000e-01 2.75217000e-02 -9.82138000e-03 2.72441000e-01 2.41718000e-01 1.58275000e-01
 6.56522000e-01 7.54045000e-01 1.94403000e-02 -4.09154000e-03 2.73781000e-01 2.47781000e-01 1.55382000e-01
 6.53175000e-01 7.56877000e-01 2.18638000e-02 -4.67916000e-03 2.72886000e-01 2.40566000e-01 1.57261000e-01
 6.57483000e-01 7.53237000e-01 1.86873000e-02 9.48841000e-04 2.75787000e-01 2.49671000e-01 1.51491000e-01
 6.53728000e-01 7.56325000e-01 2.44554000e-02 -3.68340000e-03 2.71292000e-01 2.35832000e-01 1.53368000e-01
 6.65721000e-01 7.46022000e-01 1.53309000e-02 5.64925000e-03 2.75378000e-01 2.49042000e-01 1.60239000e-01
 6.55695000e-01 7.54735000e-01 2.09490000e-02 -9.60021000e-05 2.70918000e-01 2.28387000e-01 1.52317000e-01
 6.54413000e-01 7.54373000e-01 4.01631000e-02 -3.24395000e-02 2.79792000e-01 2.50919000e-01 1.54905000e-01
 6.55188000e-01 7.53476000e-01 4.31243000e-02 -3.38055000e-02 2.80926000e-01 2.51529000e-01 1.54071000e-01
 6.45277000e-01 7.63170000e-01 3.32803000e-02 -9.04188000e-03 2.72932000e-01 2.44274000e-01 1.64919000e-01
 6.72124000e-01 7.40345000e-01 7.16291000e-03 9.32713000e-03 2.76883000e-01 2.49181000e-01 1.62557000e-01
 6.71329000e-01 7.41069000e-01 2.94434000e-03 1.11875000e-02 2.75522000e-01 2.50336000e-01 1.64169000e-01
 6.73165000e-01 7.39420000e-01 5.22131000e-03 8.89956000e-03 2.78430000e-01 2.48537000e-01 1.63254000e-01
 6.78263000e-01 7.34581000e-01 1.80329000e-03 1.86197000e-02 2.73004000e-01 2.51475000e-01 1.66244000e-01
 6.58960000e-01 7.49267000e-01 4.99097000e-02 -4.33535000e-02 2.82338000e-01 2.52809000e-01 1.55832000e-01
 6.31536000e-01 7.73417000e-01 5.46283000e-02 -2.03109000e-03 2.63113000e-01 2.41438000e-01 1.76880000e-01
 6.35022000e-01 7.70537000e-01 5.49216000e-02 1.76702000e-03 2.65511000e-01 2.45332000e-01 1.75626000e-01
 6.34410000e-01 7.70956000e-01 5.60195000e-02 3.42917000e-03 2.64860000e-01 2.45932000e-01 1.75128000e-01
 6.56022000e-01 7.54607000e-01 5.64855000e-03 1.30490000e-02 2.79632000e-01 2.58632000e-01 1.49401000e-01
 6.21357000e-01 7.81262000e-01 5.93201000e-02 -5.12879000e-03 2.62024000e-01 2.39245000e-01 1.78226000e-01
 6.55416000e-01 7.52325000e-01 5.02695000e-02 -4.37020000e-02 2.81009000e-01 2.50942000e-01 1.51246000e-01
 6.27584000e-01 7.76449000e-01 5.70031000e-02 -4.11686000e-03 2.64409000e-01 2.39236000e-01 1.77892000e-01
 6.05778000e-01 7.91990000e-01 7.60470000e-02 9.42415000e-04 2.59071000e-01 2.43505000e-01 1.80901000e-01
 6.04860000e-01 7.93400000e-01 6.82013000e-02 -3.24712000e-03 2.60920000e-01 2.36270000e-01 1.76841000e-01
 5.91274000e-01 8.02059000e-01 8.34659000e-02 1.13612000e-02 2.54743000e-01 2.43359000e-01 1.85066000e-01
 6.55533000e-01 7.54029000e-01 2.70731000e-02 -3.13633000e-02 2.81119000e-01 2.48100000e-01 1.60013000e-01
 6.61155000e-01 7.47897000e-01 -1.58333000e-03 -5.93436000e-02 2.98245000e-01 2.48638000e-01 1.60713000e-01
 6.87828000e-01 7.24784000e-01 -3.50494000e-03 3.96052000e-02 2.65283000e-01 2.57151000e-01 1.65004000e-01
 6.48415000e-01 7.60649000e-01 -7.30218000e-03 3.03091000e-02 2.76272000e-01 2.70899000e-01 1.39896000e-01
 6.61809000e-01 7.47092000e-01 -1.76799000e-03 -6.21162000e-02 2.99085000e-01 2.48404000e-01 1.60434000e-01
 6.89132000e-01 7.23464000e-01 -4.09294000e-03 4.09903000e-02 2.65880000e-01 2.57423000e-01 1.64612000e-01
 6.62125000e-01 7.46554000e-01 -5.44957000e-03 -6.49524000e-02 3.00326000e-01 2.47283000e-01 1.61046000e-01
 5.79904000e-01 8.09432000e-01 8.98168000e-02 2.15513000e-02 2.50360000e-01 2.42977000e-01 1.83858000e-01
 5.77251000e-01 8.10830000e-01 9.34417000e-02 2.45929000e-02 2.48147000e-01 2.40500000e-01 1.83362000e-01
 5.76404000e-01 8.12050000e-01 9.12109000e-02 -3.67761000e-03 2.53536000e-01 2.50078000e-01 2.00203000e-01
 5.73411000e-01 8.13676000e-01 9.17466000e-02 2.67341000e-02 2.44891000e-01 2.38675000e-01 1.84137000e-01
 6.59100000e-01 7.40463000e-01 9.57874000e-02 -9.01468000e-02 2.75879000e-01 2.54007000e-01 1.35157000e-01
 6.44165000e-01 7.63882000e-01 3.83112000e-02 -8.23703000e-03 2.72734000e-01 2.44919000e-01 1.69070000e-01
 6.48009000e-01 7.60990000e-01 -8.88944000e-03 2.99846000e-02 2.76309000e-01 2.71160000e-01 1.39154000e-01
 6.80194000e-01 7.32644000e-01 8.31801000e-03 2.23475000e-02 2.69836000e-01 2.51429000e-01 1.62572000e-01
 6.57977000e-01 7.40946000e-01 9.67359000e-02 -9.33160000e-02 2.76395000e-01 2.53899000e-01 1.33884000e-01
 6.57742000e-01 7.52942000e-01 2.12989000e-02 6.37157000e-05 2.73237000e-01 2.48170000e-01 1.56760000e-01
 6.61291000e-01 7.38418000e-01 9.85044000e-02 -8.79187000e-02 2.79586000e-01 2.60579000e-01 1.37233000e-01
 5.72762000e-01 8.14462000e-01 9.26875000e-02 -2.00439000e-03 2.53732000e-01 2.52301000e-01 2.02642000e-01
 6.54019000e-01 7.55745000e-01 2.84912000e-02 -1.72447000e-02 2.75553000e-01 2.43896000e-01 1.57251000e-01
 6.60254000e-01 7.37385000e-01 1.03487000e-01 -9.80754000e-02 2.76619000e-01 2.50466000e-01 1.33518000e-01
 6.47429000e-01 7.61438000e-01 -1.12702000e-02 3.03425000e-02 2.75787000e-01 2.71768000e-01 1.38605000e-01
 6.64922000e-01 7.41088000e-01 -2.97070000e-02 -8.82343000e-02 3.14501000e-01 2.40479000e-01 1.54410000e-01
 6.65583000e-01 7.40712000e-01 -2.98656000e-02 -8.63349000e-02 3.16298000e-01 2.40991000e-01 1.54066000e-01
 6.51575000e-01 7.42465000e-01 1.12446000e-01 -1.07478000e-01 2.77119000e-01 2.57903000e-01 1.27897000e-01
 6.55240000e-01 7.38361000e-01 1.13431000e-01 -1.12321000e-01 2.76704000e-01 2.60327000e-01 1.26186000e-01
 6.49177000e-01 7.45727000e-01 1.08440000e-01 -1.03448000e-01 2.76859000e-01 2.53537000e-01 1.28402000e-01
 5.52424000e-01 8.27527000e-01 8.79048000e-02 4.79507000e-02 2.36452000e-01 2.34447000e-01 1.79371000e-01
 6.52026000e-01 7.39341000e-01 1.19452000e-01 -1.18190000e-01 2.80280000e-01 2.62481000e-01 1.23628000e-01
 6.51603000e-01 7.58050000e-01 2.57495000e-02 -1.05617000e-02 2.73537000e-01 2.45688000e-01 1.60190000e-01
 5.51153000e-01 8.28171000e-01 1.01766000e-01 -2.69604000e-03 2.56798000e-01 2.60903000e-01 2.16055000e-01
 6.65243000e-01 7.40958000e-01 -2.90037000e-02 -8.71313000e-02 3.13702000e-01 2.40905000e-01 1.53044000e-01
 6.76031000e-01 7.35987000e-01 -1.46030000e-02 3.30516000e-02 2.76982000e-01 2.52722000e-01 1.72508000e-01
 5.41248000e-01 8.34469000e-01 1.03058000e-01 -9.50706000e-03 2.56920000e-01 2.60616000e-01 2.19721000e-01
 5.37633000e-01 8.36695000e-01 1.03550000e-01 -1.30241000e-02 2.57640000e-01 2.61856000e-01 2.21051000e-01
 6.59394000e-01 7.26420000e-01 1.32974000e-01 -1.40824000e-01 2.77668000e-01 2.69215000e-01 1.19721000e-01
 5.30870000e-01 8.40884000e-01 7.22516000e-02 7.66233000e-02 2.32000000e-01 2.29748000e-01 1.86667000e-01
 5.35501000e-01 8.37892000e-01 1.04704000e-01 -1.45730000e-02 2.57576000e-01 2.62767000e-01 2.22299000e-01
 5.44943000e-01 8.28827000e-01 1.04297000e-01 7.21463000e-02 2.27946000e-01 2.35204000e-01 1.81722000e-01
 6.55478000e-01 7.55151000e-01 3.96491000e-03 8.96811000e-03 2.77866000e-01 2.57389000e-01 1.51306000e-01
 5.30457000e-01 8.40321000e-01 1.10466000e-01 -1.65411000e-02 2.59091000e-01 2.61300000e-01 2.24102000e-01
 5.23562000e-01 8.45038000e-01 6.75284000e-02 8.50488000e-02 2.32047000e-01 2.28752000e-01 1.88820000e-01
 5.18005000e-01 8.48428000e-01 6.90699000e-02 8.40802000e-02 2.31718000e-01 2.26833000e-01 1.86696000e-01
 6.92145000e-01 7.20296000e-01 -4.96110000e-03 4.56487000e-02 2.63964000e-01 2.56776000e-01 1.63978000e-01
 5.80612000e-01 8.09101000e-01 9.07631000e-02 -2.75734000e-03 2.53545000e-01 2.49571000e-01 1.96247000e-01
 6.71208000e-01 7.33798000e-01 -5.46674000e-02 -8.96212000e-02 3.27806000e-01 2.36911000e-01 1.49456000e-01
 5.46405000e-01 8.25826000e-01 1.14492000e-01 7.96517000e-02 2.24524000e-01 2.36742000e-01 1.80518000e-01
 6.54611000e-01 7.54067000e-01 4.18219000e-02 -3.34361000e-02 2.79315000e-01 2.50606000e-01 1.53315000e-01
 5.53890000e-01 8.27906000e-01 8.81765000e-02 -1.55661000e-03 2.55963000e-01 2.71860000e-01 2.20927000e-01
 5.45595000e-01 8.25531000e-01 1.16423000e-01 8.52704000e-02 2.20116000e-01 2.37648000e-01 1.77791000e-01
 6.44338000e-01 7.44568000e-01 1.23229000e-01 -1.23537000e-01 2.81420000e-01 2.58457000e-01 1.20658000e-01
 5.07250000e-01 8.54767000e-01 6.22695000e-02 9.05118000e-02 2.28392000e-01 2.27125000e-01 1.87895000e-01
 5.66647000e-01 8.18857000e-01 9.15641000e-02 3.63990000e-04 2.52343000e-01 2.54541000e-01 2.07689000e-01
 6.63539000e-01 7.44216000e-01 -1.68642000e-02 -7.46553000e-02 3.05641000e-01 2.46234000e-01 1.58975000e-01
 6.57071000e-01 7.53519000e-01 2.15112000e-02 -2.14282000e-03 2.72378000e-01 2.47347000e-01 1.58849000e-01
 6.81520000e-01 7.21023000e-01 -6.50912000e-02 -1.06861000e-01 3.29698000e-01 2.24234000e-01 1.38450000e-01
 5.02025000e-01 8.57093000e-01 6.55567000e-02 9.52103000e-02 2.27763000e-01 2.23819000e-01 1.90704000e-01
 5.18302000e-01 8.46819000e-01 1.17883000e-01 -1.90827000e-02 2.60215000e-01 2.64082000e-01 2.29668000e-01
 6.56039000e-01 7.47468000e-01 7.97100000e-02 -6.74565000e-02 2.76834000e-01 2.52028000e-01 1.44871000e-01
 6.84859000e-01 7.19358000e-01 -6.56093000e-02 -9.58464000e-02 3.28199000e-01 2.19998000e-01 1.45417000e-01
 6.63483000e-01 7.42433000e-01 -2.88245000e-02 -8.80482000e-02 3.13568000e-01 2.38638000e-01 1.53032000e-01
 6.56916000e-01 7.53728000e-01 1.87430000e-02 1.88318000e-03 2.75178000e-01 2.48390000e-01 1.52100000e-01
 4.97726000e-01 8.60458000e-01 5.53576000e-02 9.38938000e-02 2.29045000e-01 2.26216000e-01 1.86233000e-01
 6.81575000e-01 7.31319000e-01 6.93961000e-03 2.40658000e-02 2.69385000e-01 2.52881000e-01 1.64324000e-01
 6.79301000e-01 7.23288000e-01 -7.20117000e-02 -1.01092000e-01 3.28090000e-01 2.17923000e-01 1.33612000e-01
 5.32897000e-01 8.28598000e-01 1.36837000e-01 1.03543000e-01 2.11872000e-01 2.39018000e-01 1.74254000e-01
 6.35441000e-01 7.70565000e-01 4.94382000e-02 -1.03871000e-03 2.67531000e-01 2.41599000e-01 1.74635000e-01
 5.18872000e-01 8.47591000e-01 1.09771000e-01 -1.76409000e-02 2.58649000e-01 2.62081000e-01 2.26901000e-01
 6.47364000e-01 7.61417000e-01 3.13549000e-02 -1.34313000e-02 2.72356000e-01 2.45048000e-01 1.67267000e-01
 6.80437000e-01 7.18870000e-01 -9.30100000e-02 -1.07613000e-01 3.37842000e-01 2.20091000e-01 1.24870000e-01
 6.84103000e-01 7.16551000e-01 -7.98158000e-02 -1.10398000e-01 3.32225000e-01 2.08085000e-01 1.26865000e-01
 6.62346000e-01 7.21856000e-01 1.41602000e-01 -1.42023000e-01 2.76440000e-01 2.68616000e-01 1.11725000e-01
 6.78669000e-01 7.19993000e-01 -9.40485000e-02 -1.10335000e-01 3.39818000e-01 2.20621000e-01 1.24258000e-01
 6.43583000e-01 7.64496000e-01 3.48685000e-02 -1.14551000e-02 2.70817000e-01 2.46273000e-01 1.67811000e-01
 6.94121000e-01 7.18075000e-01 -7.55762000e-03 5.00726000e-02 2.63015000e-01 2.57993000e-01 1.63092000e-01
 6.55057000e-01 7.48143000e-01 8.08023000e-02 -6.82079000e-02 2.75511000e-01 2.54876000e-01 1.47161000e-01
 5.23847000e-01 8.33239000e-01 1.38832000e-01 1.09646000e-01 2.05376000e-01 2.40622000e-01 1.64343000e-01
 5.29661000e-01 8.27519000e-01 1.47366000e-01 1.13818000e-01 2.05382000e-01 2.39930000e-01 1.82430000e-01
 6.50727000e-01 7.57405000e-01 4.08937000e-02 -3.49147000e-02 2.78245000e-01 2.48072000e-01 1.54344000e-01
 5.07731000e-01 8.52352000e-01 1.23004000e-01 -2.39985000e-02 2.57826000e-01 2.65827000e-01 2.32290000e-01
 6.50740000e-01 7.58748000e-01 2.81591000e-02 -6.83169000e-03 2.73630000e-01 2.47292000e-01 1.61621000e-01
 6.47390000e-01 7.61377000e-01 3.33070000e-02 -9.08885000e-03 2.73724000e-01 2.43762000e-01 1.64937000e-01
 5.61386000e-01 8.22274000e-01 9.33313000e-02 -5.43724000e-04 2.53422000e-01 2.56716000e-01 2.07235000e-01
 6.58834000e-01 7.52066000e-01 1.80728000e-02 2.81610000e-03 2.75792000e-01 2.49059000e-01 1.50224000e-01
 6.69434000e-01 7.06540000e-01 1.68137000e-01 -1.56168000e-01 2.69958000e-01 2.68144000e-01 1.02486000e-01
 6.55427000e-01 7.37726000e-01 1.15994000e-01 -1.12785000e-01 2.75902000e-01 2.61867000e-01 1.26090000e-01
 5.30849000e-01 8.18831000e-01 1.57824000e-01 1.51020000e-01 1.89087000e-01 2.46738000e-01 1.83687000e-01
 6.74330000e-01 7.23906000e-01 -9.31648000e-02 -1.12070000e-01 3.42456000e-01 2.20757000e-01 1.20112000e-01
 5.81110000e-01 8.08871000e-01 8.82585000e-02 1.57766000e-02 2.50744000e-01 2.41083000e-01 1.84042000e-01
 6.77091000e-01 7.28021000e-01 -6.27073000e-02 -8.71850000e-02 3.24575000e-01 2.26404000e-01 1.43286000e-01
 6.54410000e-01 7.54230000e-01 4.21583000e-02 -3.32926000e-02 2.79879000e-01 2.48745000e-01 1.53775000e-01
 4.89879000e-01 8.62872000e-01 6.48599000e-02 1.06125000e-01 2.24158000e-01 2.22122000e-01 1.94847000e-01
 5.38739000e-01 8.11126000e-01 1.64016000e-01 1.57905000e-01 1.83249000e-01 2.45834000e-01 1.87396000e-01
 6.57866000e-01 7.41560000e-01 9.70512000e-02 -8.87784000e-02 2.75650000e-01 2.55778000e-01 1.35098000e-01
 6.54975000e-01 7.55062000e-01 2.63437000e-02 -1.39464000e-02 2.76255000e-01 2.44714000e-01 1.58917000e-01
 5.55824000e-01 8.25481000e-01 8.79057000e-02 4.37362000e-02 2.38797000e-01 2.35284000e-01 1.81531000e-01
 5.40164000e-01 8.06476000e-01 1.74116000e-01 1.65838000e-01 1.79512000e-01 2.45564000e-01 1.87636000e-01
 5.24967000e-01 8.21570000e-01 1.55597000e-01 1.58814000e-01 1.84025000e-01 2.51422000e-01 1.82814000e-01
 6.70377000e-01 7.00305000e-01 1.79425000e-01 -1.67253000e-01 2.65241000e-01 2.61476000e-01 9.68964000e-02
 6.65095000e-01 7.07915000e-01 1.74257000e-01 -1.61677000e-01 2.68919000e-01 2.71692000e-01 1.01693000e-01
 5.36299000e-01 8.08108000e-01 1.79028000e-01 1.65205000e-01 1.77189000e-01 2.44015000e-01 1.89110000e-01
 6.72021000e-01 6.97690000e-01 1.82466000e-01 -1.68293000e-01 2.64927000e-01 2.58904000e-01 9.49825000e-02
 6.69388000e-01 6.98622000e-01 1.78595000e-01 -1.78748000e-01 2.67459000e-01 2.66322000e-01 9.24075000e-02
 6.78917000e-01 7.33814000e-01 8.17386000e-03 2.28457000e-02 2.70229000e-01 2.52304000e-01 1.60696000e-01
 5.04823000e-01 8.56248000e-01 6.17349000e-02 9.04563000e-02 2.30289000e-01 2.26926000e-01 1.88665000e-01
 5.23969000e-01 8.06911000e-01 1.96103000e-01 1.89457000e-01 1.65411000e-01 2.40680000e-01 1.83629000e-01
 4.70657000e-01 8.72539000e-01 5.54267000e-02 1.18682000e-01 2.25250000e-01 2.17943000e-01 1.99753000e-01
 5.22040000e-01 8.06550000e-01 2.00070000e-01 1.92156000e-01 1.64881000e-01 2.40633000e-01 1.82851000e-01
 7.06091000e-01 7.03489000e-01 -1.95473000e-02 7.84666000e-02 2.62914000e-01 2.66090000e-01 1.59777000e-01
 5.21874000e-01 8.05399000e-01 2.01763000e-01 1.95632000e-01 1.61315000e-01 2.40929000e-01 1.82527000e-01
 7.07684000e-01 7.01464000e-01 -3.01288000e-02 7.88902000e-02 2.61667000e-01 2.68244000e-01 1.62304000e-01
 6.63305000e-01 7.46824000e-01 9.42694000e-03 -4.68168000e-02 2.91893000e-01 2.50327000e-01 1.60903000e-01
 6.60161000e-01 7.39277000e-01 9.70005000e-02 -9.08141000e-02 2.75484000e-01 2.55653000e-01 1.34294000e-01
 7.11749000e-01 6.95960000e-01 -3.74673000e-02 8.74613000e-02 2.64035000e-01 2.73414000e-01 1.62184000e-01
 6.55917000e-01 7.54617000e-01 1.75322000e-02 -4.22028000e-03 2.74570000e-01 2.50885000e-01 1.53323000e-01
 6.63507000e-01 6.98601000e-01 1.85892000e-01 -1.92766000e-01 2.67284000e-01 2.70316000e-01 9.00826000e-02
 5.24695000e-01 7.97563000e-01 2.07197000e-01 2.13676000e-01 1.54578000e-01 2.41467000e-01 1.85197000e-01
 6.53706000e-01 7.56446000e-01 2.12231000e-02 -2.87524000e-03 2.74149000e-01 2.49231000e-01 1.57695000e-01
 7.13030000e-01 6.94414000e-01 -3.84502000e-02 8.88798000e-02 2.63359000e-01 2.73643000e-01 1.61263000e-01
 7.13586000e-01 6.93091000e-01 -4.05843000e-02 9.36665000e-02 2.64408000e-01 2.73285000e-01 1.60210000e-01
 5.31662000e-01 8.29194000e-01 1.35784000e-01 1.06468000e-01 2.08465000e-01 2.40504000e-01 1.72961000e-01
 6.57417000e-01 7.53363000e-01 1.56994000e-02 -2.08064000e-04 2.77360000e-01 2.48287000e-01 1.49518000e-01
 5.31847000e-01 8.17693000e-01 1.56250000e-01 1.55252000e-01 1.86874000e-01 2.46261000e-01 1.84659000e-01
 5.05449000e-01 8.11586000e-01 2.09117000e-01 2.05229000e-01 1.55682000e-01 2.41247000e-01 1.72647000e-01
 6.53788000e-01 7.56351000e-01 2.14572000e-02 -5.83323000e-03 2.73014000e-01 2.39777000e-01 1.58682000e-01
 6.55273000e-01 7.54976000e-01 2.48431000e-02 -3.20454000e-03 2.73613000e-01 2.43764000e-01 1.58771000e-01
 6.62909000e-01 7.44948000e-01 -1.57843000e-02 -7.31755000e-02 3.09166000e-01 2.44801000e-01 1.59558000e-01
 5.28710000e-01 8.23118000e-01 1.55080000e-01 1.37453000e-01 1.93798000e-01 2.43061000e-01 1.79820000e-01
 6.49117000e-01 7.59103000e-01 3.79210000e-02 -3.11720000e-02 2.80015000e-01 2.49190000e-01 1.55835000e-01
 6.71460000e-01 7.34617000e-01 -3.48677000e-02 -9.09084000e-02 3.19063000e-01 2.38207000e-01 1.52170000e-01
 4.56688000e-01 8.81507000e-01 4.45050000e-02 1.11360000e-01 2.26491000e-01 2.12882000e-01 2.06309000e-01
 5.00499000e-01 8.13566000e-01 2.14020000e-01 2.04468000e-01 1.54528000e-01 2.43348000e-01 1.73370000e-01
 5.92760000e-01 8.01261000e-01 8.13062000e-02 2.51383000e-03 2.53764000e-01 2.48994000e-01 1.88106000e-01
 6.82418000e-01 6.75895000e-01 2.06959000e-01 -1.86117000e-01 2.53706000e-01 2.43971000e-01 7.83920000e-02
 4.51810000e-01 8.83981000e-01 3.66719000e-02 1.14454000e-01 2.26604000e-01 2.09910000e-01 2.09419000e-01
 4.50200000e-01 8.84582000e-01 3.99411000e-02 1.15065000e-01 2.28332000e-01 2.11075000e-01 2.09951000e-01
 6.96048000e-01 7.15505000e-01 -7.89023000e-03 5.92263000e-02 2.63497000e-01 2.59671000e-01 1.63103000e-01
 6.69219000e-01 7.08171000e-01 1.62456000e-01 -1.55717000e-01 2.71964000e-01 2.66712000e-01 1.00439000e-01
 6.53595000e-01 7.55041000e-01 4.05199000e-02 -3.29297000e-02 2.80232000e-01 2.54082000e-01 1.53323000e-01
 7.26665000e-01 6.74847000e-01 -5.15573000e-02 1.17818000e-01 2.63168000e-01 2.76945000e-01 1.57474000e-01
 6.82784000e-01 6.74510000e-01 2.09521000e-01 -1.86932000e-01 2.52823000e-01 2.44209000e-01 7.86999000e-02
 4.98243000e-01 8.14247000e-01 2.16968000e-01 2.04160000e-01 1.53921000e-01 2.41397000e-01 1.73607000e-01
 6.54864000e-01 7.52406000e-01 4.94777000e-02 -5.08894000e-02 2.81900000e-01 2.51451000e-01 1.51018000e-01
 4.46428000e-01 8.87358000e-01 4.01501000e-02 1.08095000e-01 2.26699000e-01 2.08140000e-01 2.10448000e-01
 7.32030000e-01 6.65508000e-01 -6.34045000e-02 1.31193000e-01 2.61109000e-01 2.75600000e-01 1.55224000e-01
 7.32722000e-01 6.64044000e-01 -6.62260000e-02 1.33335000e-01 2.61420000e-01 2.75518000e-01 1.56093000e-01
 4.50910000e-01 8.84268000e-01 3.17004000e-02 1.17236000e-01 2.24961000e-01 2.08398000e-01 2.11193000e-01
 6.55954000e-01 7.54541000e-01 1.97772000e-02 -1.32453000e-03 2.75563000e-01 2.51536000e-01 1.53864000e-01
 6.63840000e-01 7.32311000e-01 -1.01032000e-01 -1.13266000e-01 3.47197000e-01 2.17196000e-01 1.14308000e-01
 6.72886000e-01 7.32274000e-01 -5.03321000e-02 -9.20097000e-02 3.25073000e-01 2.30997000e-01 1.45056000e-01
 5.02743000e-01 8.56892000e-01 6.57238000e-02 9.30897000e-02 2.26630000e-01 2.25407000e-01 1.90352000e-01
 7.35593000e-01 6.58083000e-01 -7.83825000e-02 1.40307000e-01 2.63193000e-01 2.79576000e-01 1.53186000e-01
 6.47064000e-01 7.61554000e-01 3.42211000e-02 -1.31071000e-02 2.73601000e-01 2.46643000e-01 1.64978000e-01
 6.81349000e-01 6.73598000e-01 2.13981000e-01 -1.90371000e-01 2.51671000e-01 2.43603000e-01 7.87938000e-02
 6.08697000e-01 7.88919000e-01 8.38224000e-02 8.30396000e-03 2.51562000e-01 2.43068000e-01 1.85110000e-01
 5.00105000e-01 8.56208000e-01 1.26127000e-01 -2.99120000e-02 2.58629000e-01 2.63997000e-01 2.33906000e-01
 6.12122000e-01 7.87516000e-01 7.15873000e-02 -7.19887000e-04 2.58154000e-01 2.37550000e-01 1.77362000e-01
 4.35708000e-01 8.91200000e-01 2.65725000e-02 1.23347000e-01 2.26638000e-01 2.07012000e-01 2.21036000e-01
 6.52741000e-01 7.57250000e-01 2.23339000e-02 -1.93350000e-03 2.76402000e-01 2.48433000e-01 1.57201000e-01
 6.52320000e-01 7.41489000e-01 1.14175000e-01 -1.07867000e-01 2.75469000e-01 2.57539000e-01 1.29312000e-01
 4.17163000e-01 8.99756000e-01 1.29439000e-02 1.27463000e-01 2.23944000e-01 1.99305000e-01 2.28955000e-01
 6.63501000e-01 7.44071000e-01 -1.76360000e-02 -7.62437000e-02 3.10821000e-01 2.41824000e-01 1.58835000e-01
 4.08658000e-01 9.03083000e-01 1.40505000e-02 1.31310000e-01 2.23356000e-01 1.96459000e-01 2.30349000e-01
 6.16827000e-01 7.84350000e-01 6.56004000e-02 -4.09657000e-03 2.60926000e-01 2.41517000e-01 1.78810000e-01
 6.81184000e-01 6.72910000e-01 2.14621000e-01 -1.92663000e-01 2.51816000e-01 2.43493000e-01 7.87457000e-02
 5.24803000e-01 8.00452000e-01 2.04002000e-01 2.05526000e-01 1.57612000e-01 2.41600000e-01 1.85832000e-01
 4.04712000e-01 9.05830000e-01 1.30598000e-02 1.24537000e-01 2.24817000e-01 1.95602000e-01 2.32977000e-01
 5.54789000e-01 8.26805000e-01 9.27338000e-02 -1.72094000e-03 2.54739000e-01 2.62836000e-01 2.15883000e-01
 4.02732000e-01 9.06323000e-01 8.96799000e-03 1.27694000e-01 2.24967000e-01 1.94842000e-01 2.37232000e-01
 7.47339000e-01 6.35980000e-01 -1.05912000e-01 1.60613000e-01 2.60462000e-01 2.73929000e-01 1.51141000e-01
 7.49728000e-01 6.32901000e-01 -1.01811000e-01 1.64255000e-01 2.60806000e-01 2.71283000e-01 1.51751000e-01
 7.50531000e-01 6.31482000e-01 -1.03292000e-01 1.65119000e-01 2.60110000e-01 2.70033000e-01 1.50953000e-01
 3.86444000e-01 9.13504000e-01 6.70103000e-03 1.26987000e-01 2.27042000e-01 1.90601000e-01 2.42848000e-01
 7.59018000e-01 6.17832000e-01 -1.06297000e-01 1.75715000e-01 2.58301000e-01 2.69247000e-01 1.47308000e-01
 7.59293000e-01 6.16575000e-01 -1.11241000e-01 1.75882000e-01 2.58177000e-01 2.73313000e-01 1.46844000e-01
