 5.31311000e-01 -5.43034000e-01 -4.52977000e-01 4.66512000e-01 3.83532000e-01 -4.23428000e-02 1.09959000e-01
 5.10121000e-01 -5.54551000e-01 -4.56409000e-01 4.73224000e-01 3.80949000e-01 -4.61227000e-02 1.06007000e-01
 5.10081000e-01 -5.56017000e-01 -4.55851000e-01 4.72084000e-01 3.80561000e-01 -4.32558000e-02 1.05132000e-01
 5.17287000e-01 -5.33744000e-01 -4.76066000e-01 4.69992000e-01 3.78191000e-01 -5.10880000e-02 1.15385000e-01
 5.06573000e-01 -5.54646000e-01 -4.57088000e-01 4.76259000e-01 3.80379000e-01 -4.90650000e-02 1.01331000e-01
 5.20576000e-01 -5.39831000e-01 -4.66450000e-01 4.69050000e-01 3.84427000e-01 -4.26152000e-02 1.10658000e-01
 5.16611000e-01 -5.32485000e-01 -4.77443000e-01 4.70767000e-01 3.78621000e-01 -5.04873000e-02 1.16228000e-01
 4.98544000e-01 -5.58735000e-01 -4.56187000e-01 4.80792000e-01 3.78607000e-01 -5.01802000e-02 9.46283000e-02
 5.21869000e-01 -5.37326000e-01 -4.58896000e-01 4.77858000e-01 3.78802000e-01 -3.50665000e-02 1.13941000e-01
 4.90560000e-01 -5.57965000e-01 -4.60845000e-01 4.85435000e-01 3.86830000e-01 -5.02747000e-02 8.83716000e-02
 5.19948000e-01 -5.23674000e-01 -4.88470000e-01 4.65636000e-01 3.82020000e-01 -5.25074000e-02 1.19980000e-01
 5.20150000e-01 -5.25041000e-01 -4.92158000e-01 4.59952000e-01 3.80226000e-01 -5.31970000e-02 1.19139000e-01
 5.10912000e-01 -5.57000000e-01 -4.54874000e-01 4.70967000e-01 3.81321000e-01 -4.18906000e-02 1.06141000e-01
 5.22069000e-01 -5.40372000e-01 -4.63139000e-01 4.70047000e-01 3.80276000e-01 -3.63359000e-02 1.10477000e-01
 5.31264000e-01 -5.41851000e-01 -4.51666000e-01 4.69206000e-01 3.83045000e-01 -4.43286000e-02 1.10806000e-01
 4.97039000e-01 -5.65887000e-01 -4.33798000e-01 4.94514000e-01 3.83031000e-01 -6.58625000e-02 1.01448000e-01
 5.25279000e-01 -5.21492000e-01 -4.93316000e-01 4.56911000e-01 3.85994000e-01 -5.23522000e-02 1.24008000e-01
 5.23912000e-01 -5.43292000e-01 -4.60720000e-01 4.66998000e-01 3.81100000e-01 -4.18848000e-02 1.11125000e-01
 5.32552000e-01 -5.40345000e-01 -4.53490000e-01 4.67721000e-01 3.83879000e-01 -4.15998000e-02 1.08650000e-01
 5.02958000e-01 -5.64118000e-01 -4.35722000e-01 4.88826000e-01 3.79242000e-01 -6.67961000e-02 9.85607000e-02
 5.38143000e-01 -5.43323000e-01 -4.51733000e-01 4.59499000e-01 3.80563000e-01 -4.34753000e-02 1.07439000e-01
 5.04443000e-01 -5.57824000e-01 -4.56011000e-01 4.75840000e-01 3.81632000e-01 -5.17733000e-02 9.67177000e-02
 5.17435000e-01 -5.24716000e-01 -5.03146000e-01 4.51417000e-01 3.78344000e-01 -5.33587000e-02 1.18421000e-01
 5.22555000e-01 -5.19452000e-01 -4.74681000e-01 4.81438000e-01 3.85375000e-01 -2.56747000e-02 1.12593000e-01
 5.13638000e-01 -5.51044000e-01 -4.56410000e-01 4.73515000e-01 3.81686000e-01 -4.44026000e-02 1.07016000e-01
 4.89967000e-01 -5.56068000e-01 -4.61998000e-01 4.87112000e-01 3.85391000e-01 -5.07602000e-02 8.85741000e-02
 5.27417000e-01 -5.10310000e-01 -4.91493000e-01 4.68881000e-01 3.77852000e-01 -5.64334000e-02 1.24026000e-01
 5.24915000e-01 -5.22768000e-01 -4.88843000e-01 4.60663000e-01 3.82659000e-01 -5.22426000e-02 1.22205000e-01
 5.19604000e-01 -5.14276000e-01 -4.78560000e-01 4.86325000e-01 3.84362000e-01 -2.38543000e-02 1.14334000e-01
 5.01964000e-01 -5.58603000e-01 -4.56716000e-01 4.76870000e-01 3.81637000e-01 -4.97155000e-02 9.47813000e-02
 5.35317000e-01 -5.42277000e-01 -4.48148000e-01 4.67476000e-01 3.82236000e-01 -4.48182000e-02 1.08782000e-01
 5.17202000e-01 -5.03338000e-01 -4.87104000e-01 4.91816000e-01 3.84631000e-01 -1.62772000e-02 1.13587000e-01
 5.10007000e-01 -5.59551000e-01 -4.54343000e-01 4.69434000e-01 3.81656000e-01 -4.09365000e-02 1.06758000e-01
 4.93890000e-01 -5.71304000e-01 -4.20998000e-01 5.02439000e-01 3.85506000e-01 -6.73565000e-02 9.92629000e-02
 5.16606000e-01 -4.95882000e-01 -4.93592000e-01 4.93544000e-01 3.80906000e-01 -1.34092000e-02 1.13099000e-01
 5.11624000e-01 -5.55030000e-01 -4.55975000e-01 4.71454000e-01 3.80567000e-01 -4.84728000e-02 1.03143000e-01
 4.89216000e-01 -5.53690000e-01 -4.27547000e-01 5.20862000e-01 3.80138000e-01 -3.52850000e-02 7.09908000e-02
 4.90735000e-01 -5.51953000e-01 -4.24459000e-01 5.23795000e-01 3.77851000e-01 -3.41564000e-02 6.96024000e-02
 5.31491000e-01 -5.42790000e-01 -4.51620000e-01 4.67906000e-01 3.82899000e-01 -4.17387000e-02 1.10201000e-01
 5.09286000e-01 -4.84487000e-01 -5.08225000e-01 4.97601000e-01 3.81744000e-01 -9.02330000e-03 1.12278000e-01
 5.16054000e-01 -5.31180000e-01 -5.18709000e-01 4.27174000e-01 3.77461000e-01 -5.73947000e-02 1.24710000e-01
 5.01553000e-01 -4.82257000e-01 -5.14577000e-01 5.01082000e-01 3.81619000e-01 -3.16213000e-03 1.17936000e-01
 4.97725000e-01 -4.79687000e-01 -5.16942000e-01 5.04917000e-01 3.82763000e-01 -2.33028000e-03 1.19772000e-01
 5.03361000e-01 -4.81940000e-01 -5.14642000e-01 4.99506000e-01 3.81111000e-01 -2.32979000e-03 1.18741000e-01
 5.23739000e-01 -5.39970000e-01 -4.65293000e-01 4.66511000e-01 3.83550000e-01 -4.50843000e-02 1.09394000e-01
 5.23202000e-01 -5.16352000e-01 -5.12320000e-01 4.44037000e-01 3.78813000e-01 -5.92598000e-02 1.16046000e-01
 4.92780000e-01 -5.49436000e-01 -4.07616000e-01 5.37715000e-01 3.78121000e-01 -3.15621000e-02 5.99200000e-02
 5.02526000e-01 -5.82425000e-01 -3.97845000e-01 4.99968000e-01 3.83340000e-01 -7.44110000e-02 9.95373000e-02
 4.80745000e-01 -6.08167000e-01 -3.82993000e-01 5.02328000e-01 3.79825000e-01 -7.88403000e-02 1.07710000e-01
 4.82008000e-01 -6.08064000e-01 -3.81376000e-01 5.02473000e-01 3.81204000e-01 -7.93179000e-02 1.08930000e-01
 4.88923000e-01 -4.58943000e-01 -5.34819000e-01 5.14096000e-01 3.80913000e-01 2.47796000e-03 1.24572000e-01
 4.82678000e-01 -4.59449000e-01 -5.36581000e-01 5.17696000e-01 3.81054000e-01 3.82445000e-03 1.26722000e-01
 5.21952000e-01 -5.36530000e-01 -4.59228000e-01 4.78343000e-01 3.78984000e-01 -3.65898000e-02 1.15274000e-01
 5.03986000e-01 -5.35925000e-01 -3.88186000e-01 5.55061000e-01 3.77672000e-01 -3.41949000e-02 4.62465000e-02
 4.88567000e-01 -5.54555000e-01 -4.42995000e-01 5.07471000e-01 3.80983000e-01 -3.83841000e-02 8.01508000e-02
 5.08100000e-01 -5.31903000e-01 -5.35376000e-01 4.15074000e-01 3.76940000e-01 -6.15552000e-02 1.29400000e-01
 4.84594000e-01 -6.05211000e-01 -3.53090000e-01 5.23657000e-01 3.82268000e-01 -8.23493000e-02 1.15176000e-01
 5.21523000e-01 -4.62094000e-01 -5.18513000e-01 4.95608000e-01 3.79346000e-01 -4.75471000e-03 1.02912000e-01
 5.10395000e-01 -5.34464000e-01 -3.80894000e-01 5.55666000e-01 3.80517000e-01 -3.87876000e-02 4.12805000e-02
 5.24269000e-01 -5.35651000e-01 -4.62805000e-01 4.73319000e-01 3.81519000e-01 -3.66336000e-02 1.11454000e-01
 5.13144000e-01 -5.34794000e-01 -3.77782000e-01 5.54941000e-01 3.80680000e-01 -3.92400000e-02 4.05762000e-02
 5.10756000e-01 -5.32081000e-01 -3.73159000e-01 5.62824000e-01 3.80832000e-01 -3.65073000e-02 3.80774000e-02
 4.87569000e-01 -6.08844000e-01 -3.37936000e-01 5.26673000e-01 3.80762000e-01 -8.58977000e-02 1.21643000e-01
 4.63072000e-01 -4.51009000e-01 -5.65818000e-01 5.11864000e-01 3.75223000e-01 1.39121000e-02 1.18179000e-01
 5.12470000e-01 -5.28989000e-01 -5.35957000e-01 4.12669000e-01 3.76471000e-01 -6.36460000e-02 1.30775000e-01
 4.74089000e-01 -4.42140000e-01 -5.38266000e-01 5.38536000e-01 3.76625000e-01 4.43444000e-03 1.32277000e-01
 5.14229000e-01 -5.31897000e-01 -3.65352000e-01 5.64952000e-01 3.78544000e-01 -3.92306000e-02 3.55516000e-02
 5.28703000e-01 -5.23464000e-01 -4.66775000e-01 4.78100000e-01 3.83290000e-01 -3.40969000e-02 1.11564000e-01
 4.82192000e-01 -6.37720000e-01 -3.64738000e-01 4.77252000e-01 3.80980000e-01 -8.80170000e-02 1.04091000e-01
 4.85037000e-01 -6.16049000e-01 -3.26679000e-01 5.27733000e-01 3.79153000e-01 -8.72345000e-02 1.25483000e-01
 5.15416000e-01 -5.26054000e-01 -5.40966000e-01 4.06164000e-01 3.77281000e-01 -6.36379000e-02 1.33142000e-01
 4.53088000e-01 -4.46764000e-01 -5.82583000e-01 5.05678000e-01 3.73699000e-01 2.37961000e-02 1.14988000e-01
 4.78779000e-01 -6.45718000e-01 -3.60869000e-01 4.72856000e-01 3.79715000e-01 -9.07817000e-02 1.02567000e-01
 4.77321000e-01 -6.48150000e-01 -3.59851000e-01 4.71777000e-01 3.79307000e-01 -9.09663000e-02 1.01968000e-01
 5.11417000e-01 -5.80946000e-01 -3.93651000e-01 4.95976000e-01 3.83845000e-01 -7.66544000e-02 9.97636000e-02
 4.93823000e-01 -4.70326000e-01 -5.21110000e-01 5.13203000e-01 3.80553000e-01 -7.45557000e-04 1.21681000e-01
 4.79028000e-01 -6.56772000e-01 -3.53335000e-01 4.62966000e-01 3.79934000e-01 -9.03839000e-02 1.02211000e-01
 5.20519000e-01 -5.24652000e-01 -3.59546000e-01 5.69672000e-01 3.78889000e-01 -3.94043000e-02 3.26827000e-02
 5.02787000e-01 -5.56664000e-01 -4.53531000e-01 4.81290000e-01 3.79027000e-01 -4.86382000e-02 9.65342000e-02
 5.12996000e-01 -4.71386000e-01 -5.16227000e-01 4.98136000e-01 3.81068000e-01 -7.93084000e-03 1.06751000e-01
 4.33735000e-01 -4.22504000e-01 -6.14767000e-01 5.05397000e-01 3.69962000e-01 3.38012000e-02 1.16285000e-01
 5.27096000e-01 -5.21218000e-01 -3.57628000e-01 5.67982000e-01 3.77937000e-01 -3.96440000e-02 3.03855000e-02
 4.74743000e-01 -6.23898000e-01 -3.13771000e-01 5.35648000e-01 3.79902000e-01 -8.56445000e-02 1.30863000e-01
 5.17531000e-01 -5.25209000e-01 -5.47399000e-01 3.95819000e-01 3.77922000e-01 -6.43775000e-02 1.34528000e-01
 5.26660000e-01 -5.43055000e-01 -4.58923000e-01 4.65951000e-01 3.81676000e-01 -4.30726000e-02 1.09425000e-01
 5.34855000e-01 -5.13721000e-01 -3.56142000e-01 5.68493000e-01 3.77439000e-01 -4.04940000e-02 2.37126000e-02
 5.29131000e-01 -5.41709000e-01 -4.56845000e-01 4.66760000e-01 3.80720000e-01 -4.09459000e-02 1.10269000e-01
 4.83569000e-01 -6.69097000e-01 -3.46683000e-01 4.45288000e-01 3.77876000e-01 -9.40763000e-02 1.07256000e-01
 4.18736000e-01 -4.19984000e-01 -6.26177000e-01 5.06138000e-01 3.66943000e-01 3.71578000e-02 1.20201000e-01
 4.14761000e-01 -4.18388000e-01 -6.28817000e-01 5.07458000e-01 3.66407000e-01 3.89266000e-02 1.20574000e-01
 5.22746000e-01 -4.59542000e-01 -5.23859000e-01 4.91049000e-01 3.80220000e-01 -2.83960000e-03 1.01080000e-01
 4.42926000e-01 -4.32608000e-01 -5.99283000e-01 5.07471000e-01 3.71482000e-01 2.62936000e-02 1.14776000e-01
 4.11249000e-01 -4.21892000e-01 -6.29008000e-01 5.07178000e-01 3.67189000e-01 3.82487000e-02 1.23007000e-01
 5.34279000e-01 -4.50353000e-01 -5.22475000e-01 4.88619000e-01 3.80498000e-01 -2.94134000e-03 1.00665000e-01
 5.25906000e-01 -5.21987000e-01 -3.57084000e-01 5.68721000e-01 3.77256000e-01 -4.05912000e-02 2.90040000e-02
 5.05755000e-01 -5.58914000e-01 -4.54256000e-01 4.74846000e-01 3.83337000e-01 -5.18882000e-02 9.65457000e-02
 5.20939000e-01 -5.23432000e-01 -4.93847000e-01 4.59083000e-01 3.81710000e-01 -5.28687000e-02 1.18315000e-01
 5.01405000e-01 -5.64055000e-01 -4.33964000e-01 4.92047000e-01 3.81099000e-01 -6.45725000e-02 9.94508000e-02
 4.63791000e-01 -6.34166000e-01 -3.03720000e-01 5.38968000e-01 3.81070000e-01 -9.06915000e-02 1.37869000e-01
 5.34919000e-01 -5.39916000e-01 -4.50042000e-01 4.68843000e-01 3.83601000e-01 -4.05498000e-02 1.11100000e-01
 5.58866000e-01 -4.86887000e-01 -3.28076000e-01 5.85642000e-01 3.70250000e-01 -5.32358000e-02 1.04738000e-02
 5.48879000e-01 -4.94121000e-01 -3.34971000e-01 5.85125000e-01 3.72688000e-01 -4.15459000e-02 1.42711000e-02
 5.66431000e-01 -4.78994000e-01 -3.27558000e-01 5.85172000e-01 3.70237000e-01 -5.43680000e-02 6.51592000e-03
 5.23142000e-01 -5.17883000e-01 -5.57552000e-01 3.83739000e-01 3.82325000e-01 -6.72326000e-02 1.38382000e-01
 5.71763000e-01 -4.71908000e-01 -3.28034000e-01 5.85477000e-01 3.68473000e-01 -5.70036000e-02 6.12647000e-03
 5.13846000e-01 -5.81034000e-01 -3.91550000e-01 4.95025000e-01 3.82570000e-01 -7.59796000e-02 1.00067000e-01
 3.88922000e-01 -3.95251000e-01 -6.54018000e-01 5.14564000e-01 3.61911000e-01 4.77611000e-02 1.31908000e-01
 5.77757000e-01 -4.75391000e-01 -3.18857000e-01 5.81834000e-01 3.67667000e-01 -5.64770000e-02 5.71101000e-03
 3.89489000e-01 -3.92044000e-01 -6.52811000e-01 5.18110000e-01 3.60098000e-01 5.26438000e-02 1.34538000e-01
 5.52650000e-01 -4.88273000e-01 -3.17407000e-01 5.96172000e-01 3.70153000e-01 -5.73582000e-02 4.90229000e-03
 5.50025000e-01 -4.86370000e-01 -3.21343000e-01 5.98043000e-01 3.67586000e-01 -5.72714000e-02 2.91706000e-03
 3.91801000e-01 -3.89485000e-01 -6.55930000e-01 5.14344000e-01 3.59704000e-01 5.28519000e-02 1.32989000e-01
 5.33127000e-01 -5.42281000e-01 -4.50884000e-01 4.67344000e-01 3.84786000e-01 -4.38684000e-02 1.09610000e-01
 4.97654000e-01 -5.44892000e-01 -3.96549000e-01 5.46061000e-01 3.79849000e-01 -3.25655000e-02 5.24720000e-02
 4.37819000e-01 -6.42737000e-01 -2.91634000e-01 5.56914000e-01 3.80535000e-01 -9.14077000e-02 1.42329000e-01
 5.12369000e-01 -5.49998000e-01 -4.60132000e-01 4.72502000e-01 3.81788000e-01 -4.68545000e-02 1.07858000e-01
 5.95783000e-01 -4.68231000e-01 -3.05738000e-01 5.76478000e-01 3.64324000e-01 -5.55136000e-02 1.77207000e-03
 5.19812000e-01 -5.22525000e-01 -3.59240000e-01 5.72460000e-01 3.78037000e-01 -3.82510000e-02 3.08842000e-02
 4.89473000e-01 -6.04550000e-01 -3.58495000e-01 5.16155000e-01 3.81810000e-01 -8.05258000e-02 1.13649000e-01
 3.94439000e-01 -3.84130000e-01 -6.60636000e-01 5.10315000e-01 3.59073000e-01 5.32401000e-02 1.31897000e-01
 5.71667000e-01 -4.61604000e-01 -3.34391000e-01 5.90171000e-01 3.67714000e-01 -6.22788000e-02 2.16976000e-03
 4.77122000e-01 -4.51657000e-01 -5.53541000e-01 5.11813000e-01 3.77780000e-01 9.13950000e-03 1.22332000e-01
 3.96541000e-01 -3.81316000e-01 -6.61012000e-01 5.10310000e-01 3.58781000e-01 5.37354000e-02 1.31521000e-01
 5.08898000e-01 -5.54798000e-01 -4.56544000e-01 4.74120000e-01 3.80113000e-01 -4.52293000e-02 1.04578000e-01
 3.97717000e-01 -3.78175000e-01 -6.61537000e-01 5.11051000e-01 3.59197000e-01 5.47319000e-02 1.31441000e-01
 5.17809000e-01 -5.34464000e-01 -5.57845000e-01 3.67466000e-01 3.74328000e-01 -6.63588000e-02 1.41236000e-01
 4.36314000e-01 -6.48537000e-01 -2.90079000e-01 5.52163000e-01 3.81991000e-01 -8.68402000e-02 1.40436000e-01
 5.17770000e-01 -5.33349000e-01 -5.61930000e-01 3.62888000e-01 3.74456000e-01 -6.76109000e-02 1.43167000e-01
 5.54869000e-01 -4.92754000e-01 -3.29089000e-01 5.83965000e-01 3.68367000e-01 -4.99611000e-02 1.43793000e-02
 5.16656000e-01 -5.44825000e-01 -4.61603000e-01 4.72392000e-01 3.81482000e-01 -4.22258000e-02 1.08052000e-01
 4.87422000e-01 -6.80032000e-01 -3.39672000e-01 4.29649000e-01 3.75704000e-01 -9.93704000e-02 1.06341000e-01
 5.39388000e-01 -4.46107000e-01 -5.22742000e-01 4.86612000e-01 3.82282000e-01 -2.62623000e-03 1.00192000e-01
 4.89754000e-01 -5.54120000e-01 -4.28316000e-01 5.19267000e-01 3.80613000e-01 -3.62058000e-02 7.26148000e-02
 4.80114000e-01 -4.58996000e-01 -5.43872000e-01 5.12850000e-01 3.77135000e-01 4.42285000e-03 1.23533000e-01
 4.32360000e-01 -6.45430000e-01 -2.90126000e-01 5.58848000e-01 3.80663000e-01 -9.43601000e-02 1.43230000e-01
 5.23520000e-01 -5.20929000e-01 -4.94533000e-01 4.58254000e-01 3.85954000e-01 -5.06404000e-02 1.21985000e-01
 4.32271000e-01 -4.21488000e-01 -6.16172000e-01 5.05788000e-01 3.69376000e-01 3.50660000e-02 1.15548000e-01
 6.26370000e-01 -4.58076000e-01 -2.85627000e-01 5.62356000e-01 3.58964000e-01 -6.35590000e-02 -7.47946000e-03
 5.14294000e-01 -5.40646000e-01 -5.76393000e-01 3.33128000e-01 3.72484000e-01 -6.55565000e-02 1.52251000e-01
 4.19131000e-01 -6.61289000e-01 -2.79567000e-01 5.55759000e-01 3.79284000e-01 -8.43368000e-02 1.41265000e-01
 6.28602000e-01 -4.58315000e-01 -2.84434000e-01 5.60272000e-01 3.58703000e-01 -6.55391000e-02 -8.73992000e-03
 5.16605000e-01 -5.41940000e-01 -5.80797000e-01 3.19524000e-01 3.73975000e-01 -6.47649000e-02 1.58369000e-01
 4.79423000e-01 -6.20558000e-01 -3.20894000e-01 5.31120000e-01 3.79751000e-01 -8.62097000e-02 1.27148000e-01
 5.21159000e-01 -5.41004000e-01 -5.77121000e-01 3.20372000e-01 3.73159000e-01 -6.24333000e-02 1.57088000e-01
 4.96956000e-01 -5.61899000e-01 -4.54730000e-01 4.80130000e-01 3.79736000e-01 -4.73643000e-02 8.97420000e-02
 5.09476000e-01 -5.40792000e-01 -5.82903000e-01 3.28942000e-01 3.70466000e-01 -6.70061000e-02 1.53016000e-01
 3.72473000e-01 -3.81526000e-01 -6.71682000e-01 5.14340000e-01 3.54392000e-01 5.71234000e-02 1.45225000e-01
 5.27636000e-01 -5.21577000e-01 -4.68845000e-01 4.79314000e-01 3.80090000e-01 -3.37860000e-02 1.10219000e-01
 5.13815000e-01 -5.41168000e-01 -5.88981000e-01 3.10212000e-01 3.72812000e-01 -7.07586000e-02 1.63686000e-01
 5.39623000e-01 -4.83588000e-01 -2.99080000e-01 6.20888000e-01 3.64078000e-01 -5.01096000e-02 -6.43889000e-03
 3.51681000e-01 -3.83687000e-01 -6.62343000e-01 5.38893000e-01 3.54650000e-01 6.27811000e-02 1.41770000e-01
 6.32704000e-01 -4.58180000e-01 -2.85632000e-01 5.55131000e-01 3.59419000e-01 -6.40152000e-02 -1.21937000e-02
 5.37353000e-01 -4.80105000e-01 -2.94434000e-01 6.27741000e-01 3.64260000e-01 -5.00376000e-02 -8.97183000e-03
 5.09092000e-01 -5.54361000e-01 -4.58658000e-01 4.72380000e-01 3.80367000e-01 -4.57442000e-02 1.04752000e-01
 5.21656000e-01 -5.18978000e-01 -4.75717000e-01 4.81902000e-01 3.83174000e-01 -2.64679000e-02 1.13003000e-01
 5.36005000e-01 -4.75280000e-01 -2.91842000e-01 6.33747000e-01 3.62991000e-01 -5.05010000e-02 -9.62318000e-03
 5.22175000e-01 -5.35984000e-01 -5.93458000e-01 2.96414000e-01 3.68346000e-01 -7.86259000e-02 1.68578000e-01
 4.00295000e-01 -6.72050000e-01 -2.63999000e-01 5.64285000e-01 3.80292000e-01 -8.97503000e-02 1.49531000e-01
 3.49117000e-01 -3.84040000e-01 -6.63136000e-01 5.39334000e-01 3.53613000e-01 6.31256000e-02 1.43026000e-01
 5.09551000e-01 -5.57030000e-01 -4.57317000e-01 4.70039000e-01 3.79743000e-01 -4.35824000e-02 1.06608000e-01
 4.94713000e-01 -4.71655000e-01 -5.21266000e-01 5.10962000e-01 3.80207000e-01 -2.38488000e-03 1.22339000e-01
 4.03564000e-01 -6.74744000e-01 -2.61800000e-01 5.59748000e-01 3.82367000e-01 -8.13833000e-02 1.43627000e-01
 5.18267000e-01 -5.15811000e-01 -4.77932000e-01 4.86744000e-01 3.80085000e-01 -2.56626000e-02 1.13139000e-01
 3.99534000e-01 -6.76774000e-01 -2.58613000e-01 5.61666000e-01 3.79325000e-01 -8.11902000e-02 1.43734000e-01
 5.36108000e-01 -4.69122000e-01 -2.78606000e-01 6.44120000e-01 3.59300000e-01 -4.88900000e-02 -9.57690000e-03
 5.28814000e-01 -5.31055000e-01 -5.96611000e-01 2.87040000e-01 3.72100000e-01 -7.91318000e-02 1.71329000e-01
 5.24987000e-01 -4.56880000e-01 -5.19841000e-01 4.95393000e-01 3.80181000e-01 -4.13482000e-03 1.03454000e-01
 4.81063000e-01 -4.48701000e-01 -5.30610000e-01 5.34508000e-01 3.79434000e-01 7.14273000e-03 1.29440000e-01
 5.28825000e-01 -5.29416000e-01 -6.00346000e-01 2.82218000e-01 3.71662000e-01 -8.27699000e-02 1.73601000e-01
 4.89273000e-01 -5.54233000e-01 -4.35996000e-01 5.13171000e-01 3.83395000e-01 -3.48282000e-02 7.30548000e-02
 5.29700000e-01 -5.29220000e-01 -6.01889000e-01 2.77622000e-01 3.70997000e-01 -8.41718000e-02 1.75290000e-01
 5.31499000e-01 -4.65085000e-01 -2.66854000e-01 6.55739000e-01 3.56592000e-01 -4.32143000e-02 -1.04144000e-02
 5.23995000e-01 -5.43899000e-01 -4.60085000e-01 4.66825000e-01 3.82879000e-01 -4.60989000e-02 1.09985000e-01
 4.90703000e-01 -6.86774000e-01 -3.31728000e-01 4.21317000e-01 3.76091000e-01 -9.69103000e-02 1.05735000e-01
 5.03860000e-01 -5.56077000e-01 -4.59567000e-01 4.75080000e-01 3.79959000e-01 -5.11172000e-02 1.00859000e-01
 5.29318000e-01 -4.64284000e-01 -2.51838000e-01 6.63958000e-01 3.55360000e-01 -5.77676000e-02 -1.39056000e-02
 5.24541000e-01 -5.40913000e-01 -4.62466000e-01 4.67328000e-01 3.79196000e-01 -4.11333000e-02 1.11785000e-01
 5.24882000e-01 -5.42852000e-01 -5.77753000e-01 3.09859000e-01 3.73102000e-01 -5.89049000e-02 1.53840000e-01
 5.22849000e-01 -5.33633000e-01 -6.11204000e-01 2.61334000e-01 3.66109000e-01 -8.99081000e-02 1.81631000e-01
 5.29646000e-01 -4.63226000e-01 -2.43766000e-01 6.67439000e-01 3.53384000e-01 -5.80089000e-02 -1.68555000e-02
 3.96538000e-01 -3.52858000e-01 -6.76768000e-01 5.10132000e-01 3.54983000e-01 6.11450000e-02 1.23327000e-01
 5.22925000e-01 -5.45952000e-01 -4.61068000e-01 4.64654000e-01 3.84019000e-01 -4.64527000e-02 1.09264000e-01
 3.39436000e-01 -3.79622000e-01 -6.66358000e-01 5.44645000e-01 3.52114000e-01 6.52951000e-02 1.45695000e-01
 6.41205000e-01 -4.52853000e-01 -2.79797000e-01 5.52715000e-01 3.57218000e-01 -6.98789000e-02 -1.59014000e-02
 5.73431000e-01 -4.59665000e-01 -3.38175000e-01 5.87812000e-01 3.68975000e-01 -6.30973000e-02 -8.78096000e-04
 3.92148000e-01 -3.50510000e-01 -6.81360000e-01 5.09029000e-01 3.54358000e-01 6.19281000e-02 1.20137000e-01
 5.30653000e-01 -4.61948000e-01 -2.32654000e-01 6.71478000e-01 3.51488000e-01 -5.78779000e-02 -1.77018000e-02
 5.28714000e-01 -4.61042000e-01 -2.31877000e-01 6.73895000e-01 3.51404000e-01 -6.12165000e-02 -1.66180000e-02
 4.94341000e-01 -6.88222000e-01 -3.27051000e-01 4.18347000e-01 3.74715000e-01 -9.93228000e-02 1.06033000e-01
 5.09066000e-01 -4.75418000e-01 -5.15082000e-01 4.99520000e-01 3.82294000e-01 -9.24466000e-03 1.07939000e-01
 5.25178000e-01 -4.57579000e-01 -2.27140000e-01 6.80601000e-01 3.50111000e-01 -6.31837000e-02 -1.75909000e-02
 5.16430000e-01 -5.42852000e-01 -6.20120000e-01 2.32513000e-01 3.59990000e-01 -9.20008000e-02 1.84723000e-01
 4.91359000e-01 -5.53181000e-01 -4.31076000e-01 5.16459000e-01 3.82959000e-01 -3.74474000e-02 7.21502000e-02
 5.09857000e-01 -5.44594000e-01 -6.26750000e-01 2.25051000e-01 3.57551000e-01 -9.15397000e-02 1.86936000e-01
 5.10005000e-01 -5.42967000e-01 -6.30328000e-01 2.18558000e-01 3.56819000e-01 -9.19984000e-02 1.87912000e-01
 5.48348000e-01 -5.22044000e-01 -5.99777000e-01 2.58945000e-01 3.70440000e-01 -8.47595000e-02 1.87215000e-01
 3.90312000e-01 -6.76319000e-01 -2.57384000e-01 5.69212000e-01 3.82609000e-01 -9.42787000e-02 1.52189000e-01
 5.05512000e-01 -5.43593000e-01 -6.39322000e-01 2.00579000e-01 3.54286000e-01 -9.97400000e-02 1.87299000e-01
 5.04374000e-01 -5.45054000e-01 -6.39984000e-01 1.97343000e-01 3.53457000e-01 -9.99051000e-02 1.87388000e-01
 5.07482000e-01 -4.92393000e-01 -5.02929000e-01 4.97065000e-01 3.80939000e-01 -1.21527000e-02 1.13305000e-01
